1000 100
11 14 1 1 7 11 9 12 3 12 13 7 10 12 4 14 2 1 12 10 4 6 9 1 7 4 6 11 8 11 3 5 14 8 5 8 6 4 15 7 1 2 1 12 11 15 2 14 12 3 3 7 2 7 4 4 4 6 2 9 14 14 7 6 1 9 15 6 1 7 13 4 1 14 3 10 3 5 10 15 15 15 2 14 4 8 12 4 5 269 13 8 14 2 6 2 5 8 1 6
4 58 24 43 83
7 99 22 60 49 51 21 15
5 10 89 17 12 94
9 100 23 85 8 81 25 6 68 20
10 53 36 41 96 22 48 13 25 86 1
9 43 46 80 62 89 74 41 52 77
2 77 90
9 84 68 65 17 56 90 23 94 22
3 43 29 100
3 72 54 70
9 93 76 40 39 54 25 17 43 71
7 82 22 55 16 13 21 98
4 57 93 85 6
5 89 24 78 80 64
4 28 50 61 69
4 73 70 86 53
5 10 84 43 64 1
6 28 79 43 18 96 100
2 14 18
4 77 61 53 40
4 65 90 68 49
5 53 64 26 93 79
10 10 15 65 42 22 46 90 45 81 87
1 33
2 67 1
2 72 46
4 10 76 27 23
7 24 57 87 37 27 48 52
7 51 57 63 50 20 31 32
3 66 24 84
5 41 84 56 5 100
2 24 56
10 58 39 30 50 78 48 19 23 53 84
8 49 4 97 16 42 7 52 36
2 61 34
1 87
6 82 77 97 60 98 79
10 70 76 2 17 71 4 45 15 46 40
1 95
6 58 73 57 52 76 16
3 94 13 81
9 78 82 39 24 42 94 50 90 27
3 98 86 60
7 96 6 21 95 26 86 65
7 55 84 8 72 95 18 82
2 70 50
2 69 3
7 89 69 64 35 11 81 29
10 5 32 69 14 45 28 64 54 72 88
4 5 41 42 3
5 82 65 12 78 64
3 33 7 13
7 13 86 66 7 19 35 9
1 37
9 76 11 57 5 36 45 100 54 89
7 88 14 10 53 78 92 77
1 72
2 69 28
5 66 60 6 25 43
9 34 41 84 44 95 85 50 59 67
9 96 2 19 57 84 74 39 93 42
5 86 1 100 37 69
7 86 6 8 44 77 89 57
5 87 49 54 76 67
9 40 3 95 11 57 29 45 70 17
7 83 70 4 85 18 87 66
3 65 7 89
7 56 94 81 39 97 45 17
5 4 18 81 57 16
8 60 77 28 15 36 52 3 92
4 18 72 71 20
8 12 70 49 48 75 63 2 78
6 16 65 62 76 85 86
8 56 86 15 44 94 24 26 18
7 16 91 42 44 9 61 55
4 89 63 45 69
9 96 23 75 28 50 29 17 11 39
4 46 56 100 99
9 72 3 7 51 91 53 21 14 9
9 22 5 14 15 98 10 91 13 72
2 44 91
1 16
9 97 88 59 42 32 56 43 41 60
5 78 46 90 49 18
1 67
9 73 17 84 89 91 98 49 54 3
6 41 64 9 74 82 2
1 68
7 21 68 3 25 44 78 46
1 59
6 8 24 43 3 46 47
10 99 46 45 74 98 42 87 13 94 4
6 62 92 54 34 41 24
8 12 58 100 90 36 19 46 29
4 41 79 48 15
1 22
8 72 86 28 53 10 91 56 74
4 40 20 13 84
4 96 24 71 20
10 54 27 99 55 36 57 45 78 94 23
6 6 97 60 95 93 49
5 35 30 72 38 55
4 60 42 61 5
9 31 12 10 94 37 77 90 42 92
10 35 62 29 6 97 39 34 99 43 15
7 91 7 96 79 68 4 58
8 82 78 72 99 94 31 51 1
3 70 93 73
7 33 13 99 93 18 68 73
7 9 52 76 7 57 18 97
2 3 58
10 44 39 84 95 82 20 1 79 83 36
5 98 28 33 52 49
1 8
1 53
7 2 73 93 64 21 43 42
2 27 16
8 2 97 68 50 35 83 85 48
2 2 66
1 12
3 78 49 3
1 28
9 64 1 80 27 50 72 61 58 17
3 17 9 93
9 26 55 66 8 1 42 59 29 3
10 1 26 74 41 55 45 34 98 59 77
5 26 40 61 87 21
1 83
5 36 8 47 30 61
6 58 61 41 31 48 56
6 58 25 86 44 77 95
5 73 74 49 55 60
10 100 78 53 45 72 4 93 30 89 12
1 4
2 38 89
7 23 13 83 77 27 7 19
1 83
6 52 60 72 70 87 15
8 71 92 74 24 34 9 10 94
4 26 76 72 63
5 66 53 44 93 60
3 55 33 11
8 21 56 24 97 100 45 64 57
5 41 70 100 34 12
10 98 48 53 22 79 95 49 57 59 40
9 20 54 21 38 58 95 19 16 23
6 13 96 65 38 45 56
7 31 79 8 61 32 53 66
1 9
9 81 56 65 5 96 33 70 67 20
8 26 14 13 97 90 17 62 39
8 81 17 91 15 31 45 72 58
1 35
9 90 97 71 18 29 35 49 37 88
7 94 38 84 75 9 36 97
8 1 97 78 18 6 86 49 92
1 51
6 63 99 48 83 1 87
2 94 15
3 38 14 52
7 54 5 46 78 61 27 45
7 53 11 48 31 5 89 3
8 39 72 38 83 26 36 30 57
7 26 36 11 59 3 14 55
1 31
2 20 31
5 57 22 53 11 72
6 57 59 69 90 61 21
2 6 49
7 63 30 75 93 65 94 48
4 91 55 26 23
9 96 40 27 39 80 77 53 92 19
10 38 55 43 11 47 16 68 29 72 71
8 30 67 72 61 98 79 1 83
6 18 5 64 29 88 77
10 74 53 79 75 8 95 62 37 15 11
2 52 14
3 28 2 39
4 44 57 90 50
10 74 68 90 98 14 77 42 15 25 56
4 3 69 44 13
7 86 37 54 39 53 73 4
3 77 45 69
5 55 1 97 8 79
7 93 94 47 68 70 46 86
8 19 91 84 71 64 54 7 75
8 51 12 76 54 37 72 8 50
1 76
3 55 75 22
10 64 37 93 10 6 63 24 82 70 15
2 8 43
9 8 62 73 12 6 74 67 18 21
5 1 12 78 92 72
4 95 29 74 87
10 21 15 52 23 2 50 3 93 46 81
3 76 62 85
1 17
2 39 10
3 45 54 16
7 57 87 10 14 38 8 78
7 23 72 93 87 85 64 47
1 60
4 66 15 96 43
6 23 70 65 35 38 62
7 27 61 66 16 9 31 39
2 92 77
2 82 62
9 31 1 29 77 75 19 45 38 8
9 65 71 61 55 51 77 86 54 83
3 53 37 1
7 72 64 85 29 33 38 40
7 94 81 41 57 58 43 98
1 12
8 64 87 19 1 81 4 25 10
2 26 87
10 23 7 31 43 84 5 44 33 99 88
1 97
3 98 40 30
6 72 80 69 11 78 38
2 91 95
8 84 20 64 69 1 29 57 94
4 7 55 26 72
5 48 61 49 81 94
9 10 28 55 63 56 91 82 87 32
6 95 32 23 88 69 10
5 15 73 29 14 61
8 96 66 7 95 48 50 84 24
5 89 30 90 45 57
9 19 17 34 66 56 84 94 81 70
4 75 14 68 72
2 93 33
9 86 10 89 93 53 60 94 11 90
8 80 55 44 72 11 76 25 46
1 75
8 31 67 63 45 32 3 26 61
3 21 7 8
8 6 63 91 96 51 95 57 28
4 85 81 83 67
9 78 45 87 73 41 75 85 65 57
10 96 74 13 31 43 54 84 8 1 27
6 19 95 43 99 86 2
3 37 5 12
8 60 62 82 12 86 24 46 74
7 8 95 1 84 70 100 64
6 53 20 42 32 94 18
6 85 75 100 28 39 97
7 47 73 90 50 63 23 33
4 27 17 72 75
1 52
4 97 52 59 47
4 86 55 35 32
9 18 59 70 91 96 53 5 16 67
7 8 88 49 22 61 65 69
7 75 10 23 6 30 87 38
4 28 49 11 21
9 59 26 98 52 25 89 32 39 46
6 88 12 9 84 7 38
1 32
6 17 90 69 27 74 51
5 4 80 51 28 84
2 36 2
8 11 87 1 78 71 72 38 19
3 57 51 85
7 83 10 61 25 80 5 62
1 1
6 28 60 1 24 48 47
3 24 68 87
9 56 28 7 99 14 11 10 69 68
9 72 76 57 55 22 98 39 92 47
6 5 93 71 51 4 42
4 56 67 69 33
6 89 79 90 16 61 8
3 51 74 81
3 21 5 52
4 58 23 88 19
8 23 19 15 69 58 65 82 59
5 22 51 92 30 31
2 6 9
1 79
8 94 83 27 59 86 14 43 81
2 42 57
8 8 96 100 31 13 73 64 23
8 74 91 62 57 24 68 14 40
9 72 60 74 66 83 15 99 63 23
3 82 61 73
10 74 2 41 11 22 51 19 64 59 37
4 21 41 54 70
8 79 52 98 33 15 70 22 17
4 4 82 83 66
10 46 35 12 30 22 49 94 21 52 4
8 76 90 71 42 49 93 3 17
4 47 55 9 10
2 98 20
8 39 83 34 89 32 92 72 67
1 53
8 8 94 75 2 63 81 71 14
4 94 71 92 65
5 18 3 17 84 66
6 66 93 78 18 48 41
7 59 56 38 6 79 48 21
1 58
7 99 96 27 36 62 63 70
8 79 46 86 52 49 83 28 11
6 43 80 26 35 66 37
5 93 55 36 47 46
9 92 27 84 83 81 94 31 3 86
3 77 17 22
10 28 8 49 44 13 16 26 77 86 55
1 100
5 66 68 90 24 58
1 66
2 94 76
10 63 64 44 24 20 55 42 36 50 10
7 99 10 80 56 30 42 24
1 18
9 64 69 77 91 19 46 56 43 26
8 46 2 55 93 58 72 50 91
3 27 93 34
10 51 27 82 73 41 69 67 2 88 39
2 32 5
8 72 19 53 31 16 42 24 60
2 44 23
8 57 65 14 87 67 16 36 72
6 8 42 4 87 2 26
5 87 84 2 91 71
10 87 4 12 99 93 91 45 49 71 67
5 74 8 86 58 2
7 23 29 96 44 69 68 32
10 80 33 17 46 29 41 86 69 60 95
3 79 4 27
5 72 6 15 82 8
1 2
9 20 72 6 61 35 22 65 42 12
7 2 44 19 42 99 4 27
2 85 70
7 96 92 66 98 70 59 15
6 67 75 2 13 68 92
8 78 97 9 39 74 70 13 76
4 74 6 82 32
5 89 33 78 69 46
7 50 35 82 95 13 53 76
4 50 52 55 93
9 99 48 39 61 53 12 11 70 81
7 90 98 21 77 22 4 42
9 2 56 3 66 100 92 43 24 81
3 94 63 99
3 42 30 55
8 32 86 29 99 18 60 46 77
7 99 65 2 85 14 30 73
9 17 27 64 44 51 23 75 46 56
7 27 60 55 29 98 3 59
9 69 31 32 35 79 77 25 67 65
6 50 56 82 98 26 31
9 2 31 41 72 83 35 90 66 71
8 74 76 20 60 81 56 61 10
5 18 86 72 45 15
7 41 46 1 42 11 76 77
7 84 95 100 24 87 86 30
8 13 46 32 18 45 6 69 100
2 71 44
5 61 97 19 56 72
9 20 65 17 98 2 18 100 66 7
4 61 58 77 9
9 59 1 3 88 27 81 77 91 56
8 55 89 20 47 24 15 74 67
7 81 3 55 1 85 12 40
8 7 19 93 13 32 81 56 68
2 75 82
8 9 65 51 99 22 77 16 48
9 19 93 27 1 56 44 58 62 10
4 15 80 28 77
2 74 43
1 37
10 88 74 28 13 76 60 49 99 85 96
3 5 29 25
10 97 42 37 6 95 98 44 55 87 69
8 63 45 64 50 13 42 86 70
10 79 22 20 93 26 53 83 84 86 34
6 88 11 93 69 23 35
5 61 27 40 31 91
8 71 4 7 99 10 53 70 21
4 16 42 51 32
1 30
1 93
2 56 16
8 28 15 8 4 84 17 16 98
10 30 76 62 29 75 11 59 80 56 12
6 39 62 36 40 65 3
7 14 52 49 1 83 98 77
3 100 27 78
9 22 15 70 59 80 11 98 87 25
3 57 56 11
5 50 83 99 59 94
8 2 46 48 100 28 68 83 85
7 18 37 79 89 14 72 9
7 59 95 64 18 81 85 7
3 99 7 34
6 68 15 8 27 13 96
1 1
8 3 17 82 31 40 56 84 32
3 23 93 63
10 18 4 20 15 37 67 77 29 68 2
5 95 14 91 34 48
9 49 63 24 34 53 78 26 6 40
6 57 39 90 17 18 30
3 95 55 66
2 6 43
4 78 5 24 73
8 22 10 94 96 18 49 28 33
5 23 60 40 49 69
5 28 90 53 50 96
4 63 22 11 75
4 34 4 70 45
4 9 4 34 94
2 70 89
5 5 100 54 17 93
2 54 33
8 59 95 47 73 7 71 34 92
4 61 68 5 57
3 3 37 42
2 18 94
1 15
4 29 54 19 15
1 28
10 54 1 5 13 4 6 46 60 39 67
2 79 55
3 40 24 100
8 97 51 30 22 73 23 21 96
2 86 69
3 11 8 54
9 22 25 89 68 42 39 1 30 93
2 96 70
8 47 96 90 83 42 60 82 56
2 91 40
2 30 96
8 15 29 58 18 39 83 98 79
6 54 11 49 32 24 93
8 65 79 68 84 3 9 92 99
8 37 97 20 28 10 48 41 1
6 24 89 76 34 9 98
2 72 95
9 48 68 1 39 71 32 10 72 74
7 92 63 39 55 68 82 5
6 30 66 5 50 91 92
4 9 56 53 89
2 1 4
7 34 100 90 42 96 71 22
9 81 60 85 48 6 13 94 24 66
4 7 100 16 55
6 56 21 4 49 93 62
5 74 39 31 16 92
9 73 46 48 94 71 11 30 9 60
1 27
10 84 94 15 65 72 43 74 3 76 4
3 43 76 40
7 38 15 70 8 34 68 99
7 8 19 67 54 56 4 100
9 64 34 23 73 33 10 77 95 69
4 48 85 36 35
6 9 64 85 21 89 74
9 66 47 49 56 90 9 31 17 1
7 36 68 18 100 93 83 85
2 35 26
4 51 4 50 97
6 69 62 65 33 39 9
3 45 76 89
2 41 75
2 55 71
4 35 29 41 80
4 44 83 50 51
5 35 88 30 76 19
5 39 27 13 4 12
2 11 75
4 69 9 7 8
6 86 36 75 22 47 49
5 25 31 65 29 58
10 2 94 81 30 55 68 1 98 85 12
6 18 65 97 88 91 83
1 87
5 73 78 37 47 51
8 15 37 54 61 46 43 31 17
9 29 56 34 44 98 6 96 54 55
3 92 12 56
10 89 37 11 90 55 41 16 54 97 64
3 7 91 41
5 13 49 25 41 42
4 87 16 73 52
8 32 88 94 65 34 54 66 55
10 36 91 20 45 82 16 3 56 85 73
7 10 41 8 100 56 95 47
10 15 32 44 6 68 94 38 42 7 78
8 56 33 11 78 34 61 54 58
1 67
5 46 31 52 24 16
1 52
3 67 34 12
8 34 75 10 76 90 39 68 33
2 85 44
9 68 48 45 55 32 28 89 23 65
4 71 56 35 91
9 76 31 79 97 73 57 11 84 92
7 16 48 9 95 27 13 76
6 81 61 67 46 68 27
7 22 69 47 41 80 94 15
9 13 65 3 41 11 47 58 62 14
4 79 74 16 5
5 5 74 70 21 22
7 27 57 85 32 55 94 61
2 50 15
8 24 99 100 41 38 60 89 29
9 67 2 13 53 20 21 35 23 39
1 16
1 96
8 40 71 87 46 63 8 27 24
1 34
3 66 77 99
4 63 59 88 19
8 71 6 50 41 5 18 59 3
7 69 53 86 87 19 43 32
3 85 94 40
3 58 5 13
6 58 53 91 15 67 4
7 92 51 63 100 16 95 3
6 60 56 14 79 55 35
8 75 69 91 85 42 19 72 33
1 43
2 100 74
4 29 51 17 32
10 29 30 91 71 43 27 22 61 75 94
3 15 62 28
10 17 63 84 7 62 68 76 4 25 15
10 62 4 77 85 75 97 23 36 55 83
7 14 61 47 35 8 91 5
10 93 61 82 33 29 97 72 78 6 22
9 97 6 78 34 16 87 9 41 52
4 87 7 98 96
5 67 18 55 59 17
9 48 93 63 50 18 99 34 39 76
10 26 43 28 71 3 10 52 63 9 6
5 3 67 97 84 99
4 54 65 4 13
6 87 36 34 8 95 4
9 28 81 75 62 37 21 80 31 11
1 6
5 45 20 77 65 16
2 26 69
10 92 51 48 88 10 75 86 49 54 31
6 68 46 71 49 81 26
5 76 65 66 62 84
1 80
2 63 42
4 21 85 76 81
9 1 59 99 81 22 69 66 47 2
1 65
8 18 27 78 98 95 73 84 10
3 50 98 85
8 96 52 58 63 69 21 91 88
9 15 73 1 88 2 77 72 8 21
10 53 33 77 67 94 15 52 23 73 1
2 2 55
1 31
6 19 49 74 11 25 39
3 36 79 13
8 40 37 34 91 79 24 29 100
9 74 69 95 51 75 19 67 8 23
6 19 20 4 74 45 30
4 82 85 32 39
7 97 11 3 33 93 56 28
7 18 100 86 20 14 57 92
1 1
2 59 46
4 11 63 90 59
10 51 79 56 52 5 59 4 31 69 74
2 74 96
2 69 93
8 7 35 58 96 22 66 78 89
4 53 5 46 66
1 68
9 97 76 13 62 27 72 37 39 50
7 24 98 97 27 46 6 61
8 25 48 8 39 20 23 10 9
2 89 79
2 69 74
8 50 57 49 39 55 76 56 18
2 28 35
4 89 12 38 80
5 99 28 87 52 60
7 72 62 96 52 77 9 27
5 19 87 80 75 50
6 58 69 33 67 89 14
7 44 79 35 17 91 70 42
1 53
4 21 58 8 30
1 77
3 33 77 6
10 58 78 27 59 30 93 95 83 69 8
6 29 40 56 64 11 61
8 65 64 21 33 30 76 37 81
9 85 64 90 94 25 17 60 23 43
5 17 66 45 89 2
8 16 11 80 7 95 3 46 36
10 24 22 59 65 38 41 47 49 57 77
8 47 98 24 5 25 43 36 12
4 90 10 27 18
6 46 37 75 66 3 92
7 81 66 85 22 82 61 18
2 92 6
4 88 44 2 80
10 35 17 99 62 50 14 31 5 26 9
8 72 66 67 26 89 65 68 22
2 56 87
1 44
3 28 29 74
4 23 8 40 9
6 95 23 72 91 37 5
8 4 95 68 73 40 49 94 14
4 75 85 84 72
1 11
2 64 29
4 8 88 4 78
1 77
1 50
1 33
2 49 60
6 34 15 58 24 7 86
8 83 52 65 80 23 94 96 76
2 98 3
1 87
7 87 1 88 63 10 42 73
6 59 36 13 2 6 76
7 28 49 74 95 25 64 83
6 95 83 22 75 78 40
5 70 82 51 80 45
7 75 1 93 2 18 78 54
8 21 23 26 31 41 54 25 92
6 65 99 31 4 90 34
1 33
8 37 14 56 90 93 21 52 39
3 74 14 52
4 58 76 98 6
1 35
9 27 83 85 24 6 73 35 57 79
3 46 32 33
9 42 40 71 9 17 10 20 4 22
9 21 96 74 99 56 24 91 51 92
5 38 81 4 16 54
7 57 66 20 42 92 31 54
2 77 25
2 34 23
9 21 49 59 24 37 14 68 34 78
8 85 37 25 16 87 9 61 13
3 94 38 62
10 98 75 17 48 6 1 50 71 30 46
9 39 95 33 99 48 93 46 97 5
8 96 53 52 83 7 85 23 30
4 20 47 26 57
2 5 4
5 99 53 38 80 7
1 11
9 80 37 50 100 25 86 61 91 6
1 68
5 28 4 32 72 54
9 87 88 61 36 4 94 3 2 85
9 99 39 44 43 52 35 1 10 78
9 68 71 16 53 15 32 25 3 67
3 21 3 80
8 33 61 85 15 99 56 73 63
5 80 12 75 51 85
5 9 39 62 60 100
4 100 95 15 99
7 99 79 29 89 75 47 57
10 17 80 73 3 28 15 87 8 24 1
2 55 98
1 20
4 31 94 38 64
2 36 41
6 30 97 96 36 50 41
5 31 11 85 53 61
6 47 35 11 5 65 4
2 1 22
4 45 83 20 29
8 71 56 39 99 95 10 25 14
3 37 45 60
7 6 98 34 28 79 40 50
7 11 85 54 16 18 4 66
9 100 15 92 4 86 24 18 16 93
7 83 9 82 51 93 55 72
2 35 53
1 24
3 34 95 12
8 59 9 96 70 63 83 69 13
3 26 63 65
3 14 74 26
3 72 40 91
7 45 67 71 93 27 98 96
5 80 56 65 93 43
3 10 23 100
4 97 70 55 95
4 81 75 38 85
5 82 67 80 8 43
4 7 32 91 52
2 93 21
4 64 92 7 62
6 21 51 98 48 96 24
7 36 30 60 69 10 52 17
3 38 23 96
10 26 28 62 19 6 21 14 72 78 2
1 72
4 27 17 28 37
8 62 31 98 58 76 87 61 65
1 21
4 21 64 56 60
7 53 10 42 92 32 48 13
6 75 91 92 17 63 6
2 16 27
9 37 59 30 26 2 64 53 33 93
5 58 15 23 62 93
5 47 5 85 92 58
2 79 69
4 92 89 85 4
1 81
7 24 77 46 27 14 100 99
6 73 31 21 4 1 56
8 53 82 46 20 64 96 54 99
6 17 59 11 42 76 73
2 14 42
8 78 69 25 5 41 84 80 97
5 85 21 74 46 39
1 51
1 45
9 64 6 67 35 24 47 86 9 52
4 88 33 48 36
9 21 75 37 41 96 28 2 80 36
1 59
3 11 28 50
3 65 62 51
1 19
10 14 83 88 55 44 57 49 89 12 9
7 20 42 87 25 65 15 89
7 66 53 8 30 35 44 64
9 17 49 96 77 21 30 25 45 58
3 91 28 19
5 78 59 12 57 30
3 46 94 30
10 92 43 76 84 48 21 90 62 23 19
2 64 91
9 16 22 13 26 31 5 18 46 55
6 85 49 63 27 7 73
9 57 33 52 3 12 9 47 34 90
1 57
8 51 87 100 15 85 93 58 75
3 10 65 98
4 97 24 53 92
1 21
8 16 23 64 48 65 81 88 58
10 99 11 91 96 83 47 88 40 61 69
9 41 61 44 16 2 14 56 17 58
8 89 46 38 36 13 85 80 72
3 51 26 25
8 13 55 23 61 87 47 72 32
5 24 80 42 93 82
8 81 14 42 1 92 4 56 46
3 54 70 52
2 14 56
2 62 23
5 10 8 66 18 7
8 19 11 29 22 33 67 17 73
4 53 100 15 80
1 34
10 52 6 84 40 75 79 34 10 22 16
10 10 70 61 6 69 78 19 89 45 52
6 63 58 54 23 98 86
9 62 60 44 5 54 92 9 14 43
6 99 53 25 39 10 13
1 4
10 23 90 72 40 81 50 43 12 37 39
1 64
8 80 20 63 17 5 56 81 6
10 42 46 68 67 62 55 71 38 28 26
3 33 48 13
2 21 98
6 75 58 84 52 24 47
1 97
10 94 95 73 60 69 67 43 57 99 29
10 54 56 30 65 31 93 82 12 23 99
3 58 53 5
9 83 79 64 58 27 7 35 67 11
5 25 39 5 41 63
2 100 62
10 89 5 69 100 71 42 75 99 13 98
5 16 81 97 20 77
8 37 79 40 56 4 83 23 92
3 26 56 64
7 66 78 13 11 42 67 46
9 48 33 45 71 96 72 74 12 10
9 6 42 97 15 47 52 70 18 46
10 56 46 42 67 93 17 64 5 29 47
3 35 46 9
7 93 22 1 37 23 80 31
1 11
5 81 5 80 20 46
10 35 67 33 45 73 48 90 56 52 1
1 82
8 96 18 82 5 49 71 90 48
8 42 80 15 3 65 57 24 53
3 63 82 99
1 33
4 83 42 100 1
10 94 55 25 3 46 84 93 87 98 95
10 58 91 13 76 17 87 72 70 93 99
10 87 98 70 71 5 97 30 100 56 86
1 28
2 48 3
7 6 36 64 84 65 81 54
4 50 72 87 30
5 70 68 50 16 72
2 64 68
4 84 28 95 61
6 61 23 72 66 21 11
1 47
9 16 12 90 52 54 74 76 58 34
7 90 33 69 28 45 74 5
6 11 88 47 24 34 38
4 90 47 5 33
2 96 23
7 81 94 17 24 40 91 57
6 10 79 4 88 61 48
2 39 96
7 25 39 9 91 4 50 47
5 68 51 70 57 32
1 70
1 30
4 45 90 10 29
3 53 11 52
3 17 47 91
10 3 66 2 57 4 91 88 80 33 12
6 87 30 78 10 28 89
1 37
6 67 100 22 94 6 88
7 84 91 27 80 5 33 72
9 73 1 64 26 22 29 23 72 45
5 20 90 1 98 38
6 94 37 2 57 11 66
2 60 5
9 75 58 97 28 5 49 69 8 21
3 73 7 30
4 60 97 27 64
6 58 61 77 75 48 22
9 34 7 6 30 15 92 96 77 27
9 39 58 73 79 64 100 18 41 19
10 7 29 13 6 54 36 39 30 25 84
3 65 37 60
3 50 78 72
3 98 6 89
2 92 41
5 9 26 59 60 50
6 58 62 16 87 75 61
1 94
1 91
4 68 89 45 12
3 31 13 81
7 6 51 30 67 64 52 54
9 20 11 9 33 42 36 87 80 74
6 61 28 30 51 93 82
10 55 1 52 48 14 49 11 93 58 7
8 69 55 94 96 7 37 21 41
9 72 84 29 3 25 16 74 58 79
2 100 72
9 9 51 59 91 17 1 5 23 2
8 50 40 43 78 100 66 82 11
1 92
4 50 94 18 88
10 100 62 30 69 26 11 97 24 45 12
10 68 41 76 83 57 86 92 2 71 35
6 43 80 86 44 48 55
4 60 90 50 7
2 76 49
1 6
10 30 85 96 88 11 22 9 62 57 3
10 78 69 84 71 80 67 1 7 42 50
3 7 42 6
1 32
3 97 75 66
3 82 60 27
6 54 56 24 20 1 73
8 12 3 68 7 15 38 53 76
4 86 49 40 35
2 30 7
9 40 43 15 47 79 58 82 17 38
2 17 32
7 86 34 80 60 18 68 22
7 7 71 23 26 51 35 20
4 80 59 76 22
10 23 76 100 85 11 32 51 29 65 2
1 44
7 42 67 54 48 90 16 66
5 25 11 3 51 82
7 92 23 26 28 16 7 63
4 86 65 13 45
3 48 20 39
1 5
8 87 85 27 63 6 78 2 60
2 55 8
9 99 42 47 55 81 20 88 24 35
3 3 20 44
5 39 69 20 57 9
4 72 13 29 28
5 82 40 98 99 83
2 44 20
10 17 52 85 36 42 2 72 15 95 11
6 9 57 67 77 44 93
3 98 77 31
5 79 60 76 17 52
9 21 68 60 37 99 10 6 20 69
7 39 86 93 21 95 62 2
7 5 82 83 49 85 28 6
6 35 44 3 89 79 46
3 20 89 52
4 89 40 98 74
2 75 2
1 77
4 67 52 15 21
3 11 21 100
9 9 65 81 19 37 48 80 85 8
1 14
3 48 79 4
4 12 77 99 9
9 60 44 59 10 41 3 95 80 99
9 74 27 13 96 36 16 50 39 82
8 59 3 76 36 70 48 56 41
9 24 5 76 28 75 67 9 47 40
6 96 54 14 82 44 59
2 37 24
3 8 24 70
1 42
7 99 45 68 50 74 73 89
4 2 77 39 99
3 87 25 96
10 5 85 23 97 87 68 41 78 37 63
9 27 35 18 73 8 75 95 25 91
4 82 79 86 13
6 21 91 20 18 43 64
3 74 9 80
6 70 100 73 25 27 35
9 20 6 68 79 30 92 77 72 59
7 6 25 32 92 53 84 10
1 20
3 42 92 62
4 97 38 8 3
10 71 92 53 72 34 60 89 52 57 28
5 94 28 45 84 92
2 12 36
10 67 27 88 47 23 48 60 61 3 78
4 25 44 97 51
9 26 22 45 38 64 19 56 39 85
8 90 47 37 98 78 5 23 17
8 25 74 16 63 45 9 85 31
4 92 77 59 66
6 17 40 1 34 55 5
4 97 61 34 96
8 21 84 7 71 76 32 37 100
2 68 31
4 91 90 59 51
9 9 39 99 57 14 94 97 34 43
6 23 65 1 16 78 9
6 94 3 80 97 1 42
10 52 41 20 71 89 16 61 3 72 15
5 3 85 76 70 9
9 7 96 41 28 54 19 60 87 20
2 57 98
4 73 1 55 11
6 18 95 24 69 61 29
6 64 26 32 23 57 36
9 3 44 68 63 98 9 49 47 54
7 97 94 57 82 27 38 30
10 80 44 56 98 25 73 32 75 45 60
10 55 7 15 73 58 3 22 92 30 56
7 39 8 52 40 72 11 94
2 84 96
1 73
4 1 28 85 51
3 72 44 18
5 78 52 28 79 95
7 62 27 21 74 5 43 25
10 72 29 64 35 93 77 71 4 86 87
3 63 16 82
1 1
3 61 34 94
4 83 62 97 76
2 28 87
10 100 44 57 7 12 49 15 47 67 77
10 64 83 15 66 43 4 12 85 28 93
7 47 46 76 93 56 82 12
1 40
3 99 27 7
8 70 15 68 64 84 98 27 67
4 46 19 79 36
3 65 21 2
7 44 90 58 89 46 52 85
5 82 10 20 15 22
