50 50
1 1 1 1 1 1 1 1 1 1 1 1 1 1 1 1 1 1 1 1 1 1 1 1 1 1 1 1 1 1 1 1 1 1 1 1 1 1 1 1 1 1 1 1 1 1 1 1 1 1
3 29 24 47
7 49 23 45 27 11 25 26
6 9 14 37 30 13 50
2 32 24
7 50 12 40 34 36 46 1
1 14
4 39 42 7 5
2 1 4
7 16 6 36 24 4 38 47
8 25 45 11 36 40 27 4 13
5 32 9 14 4 46
5 44 20 12 25 28
6 46 9 30 1 42 48
7 33 49 43 19 30 37 29
8 18 36 34 12 23 41 37 5
8 20 32 41 5 12 2 24 11
4 33 22 11 20
1 22
6 29 1 43 15 50 37
1 42
2 31 15
8 19 13 30 28 50 1 17 48
8 17 37 43 9 28 20 47 49
8 3 25 36 1 48 44 32 19
7 27 2 9 5 33 24 18
8 45 8 38 42 39 41 15 10
7 45 43 36 23 37 3 4
10 34 24 45 28 36 1 16 37 11 5
10 14 34 28 25 31 30 8 42 40 46
10 15 30 32 38 18 7 28 33 12 13
1 5
5 3 36 1 30 45
5 26 13 17 50 24
2 42 7
3 7 45 10
3 24 17 44
3 35 44 24
1 6
5 40 10 7 39 16
1 6
3 8 15 23
7 22 42 38 11 21 2 37
1 20
8 25 2 23 32 26 30 17 19
3 45 18 30
5 18 25 5 47 50
3 32 16 11
2 7 38
9 38 13 50 24 29 3 45 39 33
3 20 10 6
