1000 100
2 9 12 6 14 8 9 7 7 14 6 12 2 6 13 9 186 9 5 2 6 10 10 6 9 1 4 12 1 5 1 8 9 8 14 7 11 15 4 11 13 12 9 15 12 3 5 12 5 2 13 6 6 1 15 4 3 1 10 5 10 12 5 7 8 15 6 14 2 5 13 11 7 7 15 14 11 8 8 4 4 7 6 9 14 8 7 7 3 7 2 15 6 11 14 15 15 8 12 6
1 46
1 2
2 60 98
1 24
6 22 76 54 8 15 30
2 74 88
1 99
4 87 46 21 89
10 41 88 20 21 64 34 15 35 45 94
3 73 75 11
4 100 17 89 29
5 96 42 30 44 29
3 78 85 91
2 24 82
5 75 66 23 6 74
1 85
7 59 31 55 41 43 13 11
4 98 46 70 56
1 16
3 74 15 96
4 46 28 48 39
7 82 54 31 81 43 16 29
5 46 37 38 72 24
7 12 62 28 22 81 33 99
4 86 65 83 81
3 97 20 9
7 28 69 88 99 84 42 43
2 24 44
6 79 96 26 13 65 50
3 34 56 76
10 86 85 62 31 29 15 1 75 82 7
5 77 45 20 92 79
10 59 55 25 21 17 51 69 37 10 42
3 28 52 40
1 15
8 58 88 59 12 28 100 15 70
9 19 49 61 32 60 16 67 31 99
4 71 19 30 9
5 83 24 6 23 85
7 59 54 15 65 43 5 9
1 21
9 40 92 37 50 93 13 69 22 1
7 37 12 70 57 74 59 93
9 61 40 45 74 6 68 49 57 7
1 86
7 6 77 43 63 16 98 23
7 74 82 16 55 34 68 99
10 59 79 34 99 3 6 18 45 80 41
4 7 89 94 63
10 35 67 61 56 40 63 15 88 9 17
1 39
10 37 8 39 42 49 17 89 63 25 74
10 87 15 37 65 44 54 70 8 48 83
8 39 21 33 28 36 30 61 53
1 26
8 38 10 70 46 23 44 51 96
7 48 64 21 22 12 43 7
2 18 75
2 83 54
10 35 72 8 37 21 95 90 54 2 14
7 12 2 45 64 20 47 93
4 77 99 86 22
3 91 74 66
1 14
5 18 57 39 98 27
4 58 55 81 84
8 73 32 13 42 16 26 96 2
5 22 7 85 12 43
4 14 96 73 63
5 50 48 56 78 97
1 4
7 59 38 97 1 67 68 30
8 19 78 14 25 66 30 47 77
8 30 90 28 65 49 11 99 12
6 38 71 32 34 25 24
1 30
9 87 8 26 97 40 3 93 64 30
3 30 48 39
5 23 98 92 52 89
3 81 92 72
5 4 28 67 72 84
10 2 24 33 11 27 86 55 90 30 32
3 16 53 70
2 97 76
5 94 12 40 70 45
1 11
7 99 51 37 61 36 85 66
6 54 20 48 47 30 56
3 78 42 82
1 98
2 5 78
3 87 1 98
2 80 87
10 79 32 90 100 94 22 43 84 61 54
3 59 70 87
4 8 41 45 71
1 29
9 52 20 7 60 81 85 40 2 5
1 82
7 50 22 48 52 36 32 100
1 33
6 73 20 60 39 19 52
9 27 80 85 84 77 67 37 78 5
8 29 44 12 69 7 13 84 60
5 96 80 20 32 21
3 8 59 21
5 80 86 13 68 65
2 94 37
10 83 39 15 98 43 36 60 80 13 37
7 57 32 50 79 2 3 9
3 28 67 83
2 38 44
5 51 47 31 73 64
3 54 86 61
8 98 68 25 47 67 92 9 35
2 4 44
1 22
10 53 94 10 88 34 35 43 26 47 64
6 57 16 9 52 83 78
8 96 49 55 33 7 14 32 8
3 72 82 83
1 31
4 55 20 39 38
3 19 52 69
9 51 14 39 69 80 76 17 94 56
1 93
8 88 94 33 49 68 76 55 7
5 19 10 50 58 17
5 34 26 69 94 16
4 86 13 56 78
7 69 57 60 76 95 71 85
9 76 48 70 73 86 19 36 44 28
1 61
2 34 53
2 79 55
9 95 70 11 26 13 78 12 19 88
7 21 75 23 67 92 86 89
5 5 72 30 7 91
4 61 10 71 48
1 6
5 23 72 89 76 30
3 58 37 25
9 43 68 22 66 31 44 97 73 79
7 37 4 89 39 24 15 9
5 87 1 100 84 58
5 15 75 38 97 11
9 16 18 50 29 64 33 78 57 15
8 82 4 20 42 51 45 93 76
4 48 26 28 35
7 50 30 75 81 9 46 82
10 51 31 26 47 20 64 63 16 55 14
8 96 39 11 19 90 50 75 92
9 35 43 60 67 8 68 33 82 29
4 64 50 4 6
9 27 59 3 76 24 88 68 96 15
6 35 76 15 7 87 54
2 85 67
4 10 84 38 67
9 74 21 85 51 20 2 40 11 12
5 83 34 19 63 55
9 63 21 12 70 49 34 85 10 28
8 39 37 34 32 56 83 29 91
6 39 96 74 61 42 84
6 38 79 37 2 95 70
9 59 11 37 8 23 95 7 33 14
6 64 26 52 84 88 55
7 53 17 94 45 25 44 37
3 96 32 23
6 88 24 61 50 16 43
7 67 20 90 78 85 95 37
5 73 90 72 2 76
6 27 39 34 15 70 68
2 28 4
8 100 7 64 68 99 20 26 25
8 12 77 41 45 25 15 26 22
6 87 94 55 79 32 56
1 16
5 64 66 30 51 94
3 41 21 63
3 81 4 22
2 78 97
8 77 32 87 40 22 43 3 15
3 87 91 72
1 40
9 60 74 38 79 54 32 67 50 13
7 35 66 77 20 52 31 15
7 50 41 15 46 91 28 51
7 92 76 81 19 6 58 25
8 70 84 56 30 89 87 35 40
3 74 72 65
7 9 67 69 1 18 79 94
8 55 51 28 81 65 52 9 99
6 78 72 11 28 35 40
8 9 96 4 70 95 75 99 11
2 81 97
5 30 27 47 88 21
6 27 81 2 67 73 61
2 83 35
9 47 86 19 52 28 17 5 11 12
10 94 18 64 29 82 74 69 95 19 6
8 38 10 14 100 57 35 88 36
8 24 67 14 10 17 81 6 76
8 46 2 35 38 33 82 83 49
8 92 65 77 33 38 35 70 83
10 17 60 66 13 33 48 95 83 3 44
8 54 92 80 23 46 63 88 50
5 74 76 36 55 8
5 77 44 73 66 91
7 91 75 21 18 79 3 12
4 95 83 3 34
6 68 85 53 11 93 58
7 86 32 37 80 81 76 2
3 35 8 9
5 79 27 20 4 10
2 11 32
8 94 21 8 32 17 78 53 44
8 19 12 22 30 62 93 25 26
10 33 70 40 21 92 90 100 64 56 34
5 54 73 53 14 86
4 100 50 46 6
5 80 31 10 67 92
2 33 48
9 96 20 45 29 65 98 76 77 71
8 24 81 49 72 44 86 67 91
8 86 12 51 43 39 10 13 40
2 79 10
10 13 43 4 54 7 9 86 36 76 89
9 34 44 15 40 73 5 32 33 69
9 75 78 8 99 83 34 18 32 48
1 14
5 72 34 83 18 51
7 77 3 43 40 9 96 46
1 41
5 92 32 8 46 4
7 38 96 93 81 40 19 49
7 1 23 91 48 6 65 92
1 16
2 22 99
7 95 59 63 81 64 11 21
8 39 65 75 13 58 25 42 64
1 28
1 8
10 44 27 23 75 16 42 58 6 100 88
3 61 38 24
4 97 51 72 19
7 61 13 94 40 91 76 33
7 41 11 7 15 20 47 25
3 91 54 8
7 5 95 34 22 26 92 73
9 28 94 34 87 38 36 21 81 3
7 63 40 85 4 8 25 87
3 27 39 2
5 6 84 98 96 33
5 69 52 4 39 87
9 96 83 23 95 70 8 17 81 32
5 45 79 91 80 1
9 17 80 91 35 98 78 14 41 58
10 23 52 9 7 47 50 88 44 91 80
7 28 54 74 77 60 100 14
3 47 78 65
9 34 7 15 69 4 95 18 89 92
4 85 46 22 65
1 69
10 21 87 96 57 13 93 37 17 81 48
8 13 50 29 56 8 85 1 65
4 46 52 100 28
6 70 51 75 82 41 53
8 62 4 3 61 98 81 54 57
1 48
9 38 76 8 16 77 32 10 1 98
3 94 21 93
9 29 7 33 67 96 49 72 28 87
1 75
5 47 14 72 38 24
9 62 19 1 57 76 93 12 49 56
9 8 46 97 60 14 54 52 4 9
10 72 47 63 80 39 99 97 73 58 50
7 59 70 5 62 95 31 1
5 94 51 48 28 72
8 44 36 69 73 19 59 95 80
4 57 17 12 15
10 73 81 63 13 47 30 12 19 18 56
6 28 51 76 7 3 39
10 39 11 21 90 6 2 91 86 16 49
2 93 11
9 93 41 20 73 13 68 12 78 62
2 63 23
2 98 4
9 28 24 42 27 13 72 18 58 74
8 88 5 27 66 7 93 6 74
6 56 86 46 29 47 65
8 33 63 90 44 28 98 34 51
7 54 24 4 65 34 78 84
10 19 57 100 96 25 37 3 82 91 15
2 18 5
7 30 93 49 84 14 42 25
1 34
6 76 35 5 19 70 62
4 56 1 82 20
3 97 98 67
6 70 3 55 6 2 72
6 99 10 30 52 75 89
2 82 34
7 85 64 42 75 20 15 9
8 31 61 40 51 82 7 57 52
4 65 91 9 55
7 2 55 67 60 31 18 4
5 43 93 95 20 91
1 99
1 83
7 27 16 93 80 13 42 5
5 60 85 6 71 18
6 11 52 17 91 77 65
9 4 98 80 86 18 9 35 97 45
8 42 11 15 53 91 52 1 19
10 5 53 9 92 69 60 71 56 2 34
8 14 60 47 41 88 7 34 8
4 56 36 52 97
3 12 51 74
8 55 63 93 57 16 99 95 5
8 32 57 73 61 36 48 16 98
10 66 44 1 86 10 9 93 20 82 54
7 34 82 17 51 49 73 36
3 64 86 46
6 77 33 44 79 83 60
7 15 16 20 12 77 9 38
5 22 18 66 81 70
4 83 81 90 15
3 33 11 100
9 54 18 1 7 98 6 95 25 13
9 17 84 10 16 21 100 85 39 59
8 14 79 46 81 13 26 78 91
1 4
4 76 27 39 38
9 87 32 20 8 2 6 95 24 30
9 17 30 62 8 51 55 92 100 96
3 66 46 85
6 30 1 90 72 39 69
2 100 87
2 90 68
4 56 65 98 82
5 80 57 35 99 43
4 70 62 16 36
6 31 92 34 18 64 41
7 8 60 56 38 76 4 6
9 56 48 81 8 38 46 64 44 62
10 95 18 62 84 87 30 21 99 42 45
10 38 13 44 88 50 80 86 25 96 37
7 88 18 76 70 4 74 46
9 25 29 73 68 33 80 48 95 12
3 59 99 94
2 19 57
3 81 23 80
6 62 38 86 21 55 89
9 12 62 36 23 60 8 29 39 93
1 31
1 36
4 95 8 43 12
2 98 63
4 19 3 61 86
7 96 11 100 92 35 54 45
1 100
5 36 8 73 72 48
10 11 30 21 80 16 79 38 56 96 2
2 60 95
8 100 5 96 42 27 43 97 67
4 94 73 67 37
2 50 45
8 55 49 38 1 54 93 42 13
6 89 10 79 68 39 73
3 34 25 99
4 74 41 23 80
7 49 82 50 66 67 14 17
10 36 16 22 34 58 82 66 2 1 51
8 68 100 30 86 54 48 45 64
10 89 65 90 29 36 64 87 12 5 57
3 98 18 25
2 60 80
8 69 16 93 35 31 66 100 77
1 85
8 60 1 22 77 30 88 35 28
2 75 31
8 11 88 19 73 12 8 14 98
4 96 7 71 40
3 63 90 6
6 1 65 27 61 31 78
9 45 14 86 85 73 50 83 77 42
7 68 33 42 55 57 78 10
10 89 17 15 96 86 28 29 20 21 31
3 98 99 64
3 69 15 35
4 3 75 23 99
10 60 85 20 14 15 40 50 43 72 93
8 26 84 58 1 17 74 16 15
10 92 35 11 30 18 70 88 81 99 89
2 3 72
5 82 38 96 85 100
8 54 14 24 6 53 12 90 34
1 91
7 6 57 75 14 84 62 83
5 18 73 46 31 88
5 78 55 63 38 35
5 87 10 47 7 14
4 54 19 98 99
8 91 59 26 51 1 97 50 56
10 40 61 73 93 7 83 89 17 80 57
10 43 63 46 34 49 86 99 59 67 38
10 72 67 37 64 27 53 11 8 16 59
1 40
8 85 74 87 3 88 16 56 95
10 14 56 57 60 72 7 70 36 26 74
4 87 37 98 58
9 63 65 82 14 36 11 49 22 45
7 35 70 60 46 13 99 41
6 12 11 85 41 69 71
10 70 22 19 48 90 45 82 1 51 28
3 61 9 59
3 82 83 25
8 87 94 91 20 38 42 56 36
5 22 79 91 29 76
9 42 87 85 30 54 8 81 12 61
1 67
7 86 60 46 1 84 68 95
6 14 73 13 93 71 15
5 8 20 43 92 54
1 94
5 36 77 100 31 11
6 81 20 87 63 57 11
3 20 32 11
5 49 41 96 69 4
4 23 38 33 76
4 1 68 2 18
10 96 65 66 21 71 28 55 57 47 51
4 2 89 54 32
9 52 95 49 67 27 89 1 18 92
5 92 40 13 25 34
4 27 40 79 37
1 97
3 91 62 80
1 79
3 66 19 77
4 15 35 93 79
8 41 70 92 82 79 23 69 31
3 84 56 59
10 13 59 68 26 4 27 74 12 32 7
4 23 49 77 45
9 57 94 99 96 36 98 44 73 9
4 73 39 99 59
6 38 32 57 12 99 3
6 45 70 63 87 50 55
8 96 63 97 98 11 29 61 13
10 39 70 97 32 41 15 47 63 37 84
6 98 95 49 82 77 21
5 100 87 21 74 1
3 42 59 92
9 10 58 30 40 49 96 5 53 100
3 16 64 66
4 90 85 29 65
4 35 65 66 76
4 77 57 90 66
9 78 16 6 45 18 55 53 96 11
7 97 12 27 61 38 29 52
1 61
7 31 1 96 25 56 65 79
4 5 18 85 86
8 17 77 55 18 21 8 44 90
7 50 90 6 53 19 89 35
10 68 46 55 73 94 29 24 93 92 71
10 87 97 48 22 50 80 90 86 18 51
1 39
2 43 81
2 70 73
2 60 78
2 90 54
4 71 40 5 88
5 31 54 39 86 82
10 46 5 100 93 19 34 91 56 77 22
6 14 40 75 44 53 45
10 82 38 67 6 22 7 79 83 29 56
5 15 31 37 9 100
1 42
4 17 3 88 94
5 10 3 30 32 94
8 47 33 72 30 19 37 63 91
2 76 38
1 70
2 99 1
5 75 20 63 27 98
2 26 81
9 40 16 69 17 54 14 6 34 82
5 24 91 69 35 5
3 63 30 81
8 23 12 85 44 70 92 40 8
9 50 47 27 67 32 36 28 75 90
5 59 78 61 22 69
2 5 62
5 92 85 25 55 9
3 42 89 47
7 12 42 38 77 81 5 8
6 33 53 60 12 15 68
9 10 96 21 90 8 97 38 72 64
7 90 93 10 41 26 56 28
8 84 78 74 55 61 3 7 54
10 48 84 3 97 72 68 12 95 37 69
7 69 92 58 30 42 86 36
9 2 48 32 76 75 46 15 38 89
9 4 88 31 36 23 43 59 30 3
1 50
9 51 73 13 38 11 94 52 14 95
3 7 57 27
1 89
9 84 73 22 54 19 8 60 57 76
7 52 78 2 99 30 37 95
10 17 62 11 36 87 44 19 14 3 32
8 9 30 42 54 89 62 83 43
4 11 96 56 73
4 100 18 32 40
1 52
2 27 46
4 62 17 29 22
3 51 68 16
2 73 24
8 75 60 9 73 74 71 68 62
3 59 4 60
3 100 51 20
8 62 46 19 55 20 38 17 95
5 33 34 5 68 32
6 19 32 38 91 37 11
4 47 34 19 76
5 18 25 80 30 24
6 6 14 2 4 55 98
3 48 32 47
8 6 79 39 55 78 86 52 57
1 41
8 100 87 86 59 1 29 78 6
8 62 41 89 72 23 52 96 15
7 5 47 81 39 93 61 56
8 87 17 24 45 20 90 68 93
8 21 60 2 84 64 25 22 16
8 2 13 50 66 34 22 51 33
1 42
9 72 84 33 57 3 78 66 30 77
8 35 97 71 19 87 40 79 20
1 1
3 1 84 49
4 31 29 53 8
7 72 77 51 58 84 94 7
1 72
5 80 75 36 8 67
6 72 36 39 10 47 93
5 70 42 11 78 35
6 69 14 70 59 75 6
10 87 26 58 38 8 25 93 49 97 68
9 24 4 70 58 30 43 60 7 83
2 38 60
9 80 54 55 4 82 31 71 56 99
7 72 34 65 19 25 83 93
9 55 30 96 99 54 29 83 9 28
1 49
3 68 67 24
4 7 61 78 38
2 21 82
9 68 23 76 17 32 96 33 64 22
3 87 57 62
4 37 81 66 6
5 23 33 60 10 36
4 93 46 21 43
5 59 86 19 99 16
1 88
6 28 30 69 84 97 29
5 6 99 79 30 21
10 2 99 47 92 55 60 68 52 61 73
3 62 96 6
8 53 80 14 30 11 46 28 74
6 57 98 32 39 72 24
5 7 42 69 59 70
1 18
4 99 32 84 96
2 10 98
10 45 62 33 72 64 68 99 76 74 80
1 64
9 35 57 50 49 45 16 60 41 40
7 21 97 83 31 26 74 37
8 64 37 7 36 74 55 3 62
5 89 37 94 10 12
10 75 40 32 33 26 68 24 4 83 94
9 28 86 67 35 100 37 77 4 51
6 50 78 8 90 13 68
4 72 65 40 89
3 92 47 18
3 94 51 37
8 71 54 12 82 59 93 70 92
7 86 83 40 96 92 77 80
9 98 1 88 45 31 74 57 10 69
7 13 77 19 14 23 72 18
10 84 12 86 4 30 58 66 50 16 56
6 17 92 34 4 18 67
3 71 44 21
1 26
2 48 23
3 45 96 20
7 33 79 44 58 50 64 36
7 77 100 15 41 84 18 3
10 18 56 49 85 48 32 44 54 74 78
6 96 60 84 1 98 62
8 21 71 46 25 16 28 60 99
1 64
4 71 34 84 60
9 61 64 71 89 34 31 39 65 16
2 6 2
1 3
2 40 45
9 54 2 86 70 88 74 27 92 1
7 15 1 44 79 84 34 33
4 44 38 29 81
5 89 98 23 92 8
4 14 55 26 78
5 18 6 5 41 64
5 26 37 49 32 92
6 50 70 57 97 88 7
2 80 93
10 21 82 28 77 99 74 4 88 52 2
5 38 44 75 15 16
5 56 82 74 58 19
3 23 74 85
1 98
2 37 10
3 4 72 16
2 40 65
10 96 34 61 80 33 95 38 31 25 21
9 7 46 71 31 78 83 93 86 3
3 18 49 25
10 43 11 7 14 84 48 91 64 93 57
10 78 59 48 50 54 71 45 27 92 15
5 33 8 22 97 57
8 76 78 19 30 58 14 99 87
6 16 10 39 78 90 87
5 46 60 38 84 51
8 5 64 74 77 38 94 76 35
5 41 38 90 33 65
3 62 22 70
5 69 87 89 79 15
9 12 96 78 10 72 69 95 97 90
4 50 60 15 5
2 80 3
7 62 30 81 64 82 26 63
8 48 97 56 12 24 30 90 83
5 100 37 68 58 78
8 18 42 96 36 65 24 83 87
7 12 100 50 42 49 57 21
7 95 27 72 39 3 1 65
2 22 88
3 80 84 29
8 69 60 25 82 75 5 87 61
5 13 29 28 41 61
6 27 51 70 100 37 9
9 49 71 10 72 48 62 73 83 68
3 84 59 46
9 60 75 78 61 15 66 58 33 28
9 48 98 43 3 88 17 74 26 28
10 54 13 96 32 89 57 59 26 56 75
6 76 8 3 73 30 13
8 5 58 56 2 53 83 77 57
9 26 24 65 85 84 51 58 63 61
5 3 32 92 96 35
6 5 51 69 74 45 20
9 93 62 23 36 63 1 5 86 31
9 42 51 34 74 25 48 28 20 41
3 59 48 75
10 57 40 44 59 23 92 78 82 75 43
4 18 69 85 29
8 18 16 21 79 35 45 2 6
5 17 96 14 73 41
1 12
4 62 50 24 34
3 60 36 50
4 88 46 55 20
3 50 72 10
5 6 46 65 81 11
4 68 100 44 27
2 73 86
2 100 4
8 75 71 69 67 16 65 74 95
4 52 7 68 94
7 56 78 17 41 66 15 24
7 100 66 72 38 91 64 5
10 36 7 83 17 3 30 61 51 62 66
9 63 5 56 20 38 90 78 30 72
8 53 2 9 81 39 44 23 37
8 26 30 90 93 47 28 13 46
6 89 79 28 65 72 64
10 100 28 27 88 59 2 92 99 8 39
7 71 29 23 83 44 96 1
1 23
10 50 52 7 51 4 26 41 57 16 34
5 71 64 19 21 69
8 60 80 41 63 67 79 14 4
2 50 25
2 78 95
4 97 20 89 37
6 95 99 94 42 47 91
9 67 18 88 90 54 36 38 40 53
9 82 66 35 9 57 92 48 2 69
3 37 57 76
9 6 21 95 37 22 80 71 85 29
7 99 22 82 7 21 24 93
7 94 7 27 86 17 66 90
1 95
8 61 2 89 22 11 54 70 15
5 8 5 35 98 4
10 48 52 16 66 72 15 59 91 71 81
10 38 76 79 92 16 65 37 89 55 8
6 25 71 64 1 45 96
8 62 25 28 4 52 97 71 63
9 9 38 66 75 28 25 99 76 2
5 38 86 40 22 10
7 36 69 13 31 58 99 37
7 33 66 63 17 84 42 94
3 31 37 67
5 91 59 36 11 7
1 53
8 69 72 100 33 86 13 34 92
5 62 34 3 37 83
10 15 8 82 16 87 5 51 3 100 30
1 64
6 2 88 43 58 3 83
6 43 98 10 75 78 57
5 39 65 93 77 75
3 38 73 95
3 81 7 32
7 67 62 64 86 11 1 39
1 87
5 66 52 64 46 61
9 74 81 12 82 100 96 6 2 67
3 50 56 40
8 74 91 35 64 14 27 21 22
9 83 54 75 43 73 89 26 62 31
2 92 72
7 16 4 94 93 58 69 67
10 73 79 9 31 83 6 71 40 38 67
7 3 52 25 17 56 82 44
7 88 99 6 65 43 70 90
7 49 8 62 45 44 26 87
7 71 99 53 72 38 34 18
10 98 52 84 71 72 60 91 65 81 40
3 22 16 8
2 36 69
4 49 84 31 12
5 54 90 9 42 52
10 75 73 15 97 6 38 62 89 29 63
4 1 55 69 51
7 9 82 31 51 99 64 74
10 28 20 30 44 22 80 5 48 41 73
9 23 49 88 37 5 75 83 92 56
2 19 6
7 66 24 23 18 86 69 63
7 44 36 12 91 40 33 82
4 70 93 27 20
2 84 27
2 87 75
4 95 9 49 2
6 32 38 100 53 77 11
1 68
5 17 49 98 83 48
7 71 53 33 91 95 18 41
8 45 62 7 93 82 75 43 10
3 40 2 21
10 91 79 8 100 35 43 22 60 54 40
3 78 95 20
3 50 64 47
10 99 55 88 12 23 98 22 15 59 64
10 21 36 87 16 46 61 76 72 92 37
2 100 96
8 61 80 85 2 52 96 76 18
7 77 52 21 23 34 59 88
6 17 39 4 29 37 11
5 41 4 24 79 34
1 50
10 98 76 17 48 9 13 69 44 5 25
5 10 60 33 4 73
10 50 30 96 74 85 80 72 87 81 41
3 93 18 39
9 27 100 69 98 16 13 82 23 40
2 90 70
7 40 70 62 24 15 71 12
4 14 45 22 61
7 59 79 42 41 24 12 27
9 95 43 84 30 50 15 18 4 83
5 48 92 33 82 63
5 34 33 70 66 1
2 99 64
2 60 91
2 69 42
7 39 93 82 85 90 71 5
10 11 9 32 23 31 64 20 65 27 49
7 14 17 91 12 45 32 86
6 10 7 31 75 27 71
5 86 89 23 69 48
6 10 83 35 74 29 88
8 91 37 49 22 56 78 83 84
10 95 77 51 43 50 83 29 1 8 23
3 44 21 73
8 74 7 39 3 20 57 64 92
4 56 17 94 60
2 39 100
7 51 55 47 82 91 21 14
10 96 65 8 44 63 90 70 48 45 42
1 42
6 50 91 63 81 49 67
4 88 71 35 66
4 55 89 67 96
2 45 42
10 39 33 64 75 2 84 37 41 44 17
7 33 13 11 44 58 26 34
1 70
2 58 96
2 34 81
8 60 76 39 52 67 15 25 74
6 1 41 50 47 77 71
5 70 89 60 10 38
3 6 74 97
5 83 45 82 14 99
5 10 19 18 59 56
2 7 47
8 71 25 34 81 53 45 82 68
7 83 3 23 61 93 62 6
8 79 14 10 83 81 57 17 68
4 27 17 78 56
7 22 60 71 55 100 47 93
2 95 52
8 46 15 54 2 1 80 11 91
7 81 51 40 48 26 30 71
10 65 72 89 94 31 26 85 3 60 74
2 95 43
1 61
9 3 26 71 48 83 50 89 27 16
10 59 52 36 13 54 97 35 82 34 93
2 56 93
7 84 71 19 34 53 94 8
8 63 3 18 85 21 25 1 96
3 61 100 45
9 16 100 3 96 25 48 85 57 21
6 99 59 97 18 84 98
1 38
6 12 35 91 95 8 7
6 47 16 64 95 5 71
6 69 4 53 72 17 19
10 23 33 81 54 64 97 48 22 51 26
9 5 50 29 84 70 96 32 60 40
8 55 78 25 16 74 61 30 6
3 59 95 92
10 42 74 57 88 91 95 100 31 17 87
4 39 85 94 74
3 96 89 75
6 63 2 26 35 45 77
7 60 16 22 9 35 50 54
1 29
7 14 43 53 72 23 85 79
8 78 42 98 39 32 15 26 93
9 43 79 77 97 89 42 94 57 58
6 68 69 13 51 88 47
5 54 47 92 63 1
7 90 86 45 16 3 63 7
10 70 51 87 55 28 83 29 45 32 60
6 54 43 95 57 71 46
7 67 82 28 22 15 62 25
8 66 74 7 29 54 91 63 79
1 28
1 11
3 61 71 32
4 77 25 97 13
3 89 12 13
6 80 36 33 89 57 93
2 41 22
9 43 63 76 92 84 79 67 68 60
5 98 62 99 33 38
6 71 68 3 92 43 66
8 60 6 95 39 18 97 5 14
9 55 25 43 34 45 36 79 96 37
3 72 55 37
4 67 18 12 70
10 63 55 79 19 41 75 68 85 13 66
8 57 4 37 7 23 47 30 93
4 29 62 96 85
9 92 48 43 82 57 65 80 79 14
9 50 54 78 44 67 28 9 26 85
2 100 39
5 71 10 93 86 62
8 63 71 68 92 23 8 42 13
7 95 46 32 70 26 92 77
10 79 44 48 74 99 50 15 66 52 23
7 85 55 45 95 93 81 98
8 14 63 44 58 10 16 82 23
4 17 73 24 65
10 73 59 47 86 39 4 68 89 40 27
2 75 57
7 88 38 13 29 32 61 62
8 98 76 10 17 88 27 25 11
5 96 53 65 60 5
1 34
6 22 82 23 95 65 84
7 95 27 23 28 52 96 47
10 42 66 11 85 30 44 45 19 24 29
4 10 50 21 79
4 56 93 58 69
4 82 26 74 48
6 28 67 71 60 41 29
4 96 16 54 44
6 37 18 49 88 66 98
3 26 63 4
8 10 14 99 43 95 82 85 31
1 47
8 81 22 40 97 31 8 37 15
10 41 38 97 54 62 19 68 90 55 69
6 7 12 54 5 47 94
7 16 89 68 88 82 72 35
2 64 19
10 45 79 76 94 64 80 39 24 47 89
9 94 36 84 52 93 26 80 43 40
10 93 61 80 58 59 91 97 42 75 64
10 71 15 95 23 68 64 17 52 60 96
1 66
6 64 52 71 85 7 91
4 24 85 15 80
1 67
4 9 22 93 87
4 2 75 10 37
4 56 45 86 41
8 44 41 27 91 45 3 60 81
6 66 41 8 100 32 6
4 98 42 13 1
8 83 1 50 19 32 13 57 18
3 84 39 8
2 57 31
2 2 28
4 75 57 14 18
1 49
8 74 52 97 77 95 81 18 2
8 77 26 10 7 67 1 61 79
3 68 34 63
10 87 89 55 72 5 14 65 31 82 80
7 91 50 48 22 36 17 49
1 74
4 24 92 68 81
5 44 5 31 86 90
10 41 76 57 97 71 65 44 50 64 98
1 41
4 61 9 23 14
5 89 60 80 34 59
4 29 98 15 17
1 95
4 33 19 91 9
6 47 85 45 53 86 20
8 7 17 34 6 74 5 19 29
9 36 17 84 41 8 43 59 88 76
9 34 33 83 32 14 71 43 69 55
2 60 12
8 10 4 42 100 45 12 32 85
10 7 61 14 26 52 84 66 69 37 19
7 99 44 5 31 2 93 94
7 94 77 98 89 61 35 13
5 69 66 76 25 88
3 31 6 69
6 40 88 96 27 50 12
10 67 96 72 21 55 59 79 77 64 75
6 60 97 96 86 54 59
6 68 29 39 62 31 90
8 28 12 3 57 2 84 16 58
6 26 25 84 60 19 31
7 79 46 69 43 16 94 100
9 40 33 95 72 6 12 88 86 39
10 92 58 45 63 48 62 81 29 42 88
5 52 87 89 40 4
8 89 93 71 50 7 3 51 41
1 57
3 61 27 54
8 3 92 79 100 6 62 11 88
5 8 57 3 89 78
9 96 56 100 91 3 27 50 59 82
10 65 8 19 61 43 33 31 48 32 60
8 40 100 74 28 47 87 56 3
2 37 2
3 75 46 7
10 52 42 35 21 90 82 36 43 38 22
9 26 86 20 24 82 6 19 74 17
4 40 79 73 9
4 65 73 62 23
1 100
1 65
10 60 19 7 35 14 46 20 9 28 72
1 1
9 91 72 66 93 53 5 89 69 96
4 86 20 93 47
2 59 5
3 54 6 62
7 25 55 83 22 40 47 63
10 6 36 13 23 56 62 58 1 17 43
7 10 43 46 58 7 56 99
2 87 55
1 81
