100
1387 23 1001
627 411 283
1154 94 23
366 682 61
1560 1 219
34 1340 4
1066 131 592
184 958 1363
1412 18 1387
131 1066 557
6 1485 323
1461 10 796
474 557 131
94 1154 112
1292 47 1066
310 757 663
121 1087 490
10 1461 1560
442 592 1340
1110 112 1461
69 1222 396
219 896 1222
458 574 738
141 1044 836
269 816 540
777 296 141
592 442 257
28 1363 121
296 777 269
112 1110 474
574 458 1177
85 1177 352
18 1412 184
609 427 442
1044 141 231
1177 85 700
1246 61 28
1485 6 10
77 1200 609
856 244 381
196 937 14
40 1316 1412
411 627 1269
490 540 1436
23 1387 173
162 1001 427
1510 4 458
979 173 1292
557 474 1132
719 338 366
102 1132 40
151 1022 876
1087 121 958
836 257 1200
507 523 1535
1340 34 34
1 1560 1485
1222 69 1246
1022 151 196
61 1246 411
917 207 69
796 283 162
381 663 94
738 323 47
937 196 1154
427 609 682
231 876 1110
700 352 757
1200 77 777
757 310 1510
283 796 645
244 856 937
1363 28 85
896 219 896
958 184 979
4 1510 1044
1535 2 6
540 490 77
1316 40 917
396 645 1087
14 1436 207
352 700 296
323 738 856
2 1535 2
47 1292 1022
663 381 18
207 917 574
1132 102 244
1001 162 523
682 366 507
816 269 151
54 1269 1
876 231 1316
645 396 816
338 719 719
257 836 54
1436 14 102
1269 54 338
523 507 627
173 979 310
