1000
46380 3845 15270
4060 45842 29821
458 58419 738
34363 9938 2038
11710 31671 25024
12913 29974 1955
14449 27939 31594
62995 1 2010
6779 39905 15152
48283 3130 43272
47283 3498 12415
40759 6347 24810
56955 719 35577
1820 52363 11283
2383 50493 38386
2442 50308 4960
3464 47373 937
36477 8659 13644
51612 2038 22710
6475 40502 54354
50215 2472 17836
16230 25741 51612
45038 4389 11177
61189 102 3396
3916 46200 32612
48649 3000 323
196 60293 6093
59996 231 49200
7998 37635 51238
42486 5515 21687
38051 7766 56083
7905 37801 5515
540 57929 57539
23751 17962 28013
53973 1387 49753
37385 8138 28761
269 59699 38806
85 61389 1611
17398 24384 41878
7766 38051 27125
38470 7537 14391
37137 8279 27939
1436 53783 11230
31050 12142 17962
5843 41792 60393
21552 20021 49937
1222 54641 36806
21015 20549 3163
26539 15568 609
8948 35985 777
47555 3396 1535
55697 979 34363
41274 6093 37054
42835 5354 85
15568 26539 44329
17336 24455 283
18981 22642 196
2685 49568 5077
31516 11817 43360
12251 30895 59699
16596 25310 1461
5801 41878 6867
60393 184 8185
39312 7088 14682
24243 17523 14449
69 61589 35252
57344 645 44417
663 57246 1983
11177 32455 12635
41016 6219 28386
28837 13758 48101
44949 4426 62794
283 59600 2094
151 60691 18724
13024 29821 7177
2747 49384 24032
10551 33404 94
38974 7266 1110
45752 4096 42835
5354 42835 2841
11336 32219 4
62090 34 69
9888 34444 40161
5156 43272 60591
231 59996 62693
18596 23055 39735
7583 38386 36889
38638 7447 51052
10397 33643 23402
49016 2873 57052
60890 131 36395
5760 41965 37385
36149 8851 14799
7674 38218 18405
4652 44417 645
22642 18981 13929
21283 20284 25958
5116 43360 41102
257 59798 50401
41878 5801 2716
40 61989 27272
21081 20482 33245
35822 9046 15568
30280 12691 3635
1560 53308 32770
7447 38638 40417
15211 26978 43448
427 58615 682
1022 55504 11763
30818 12306 18981
29898 12968 4096
557 57831 61289
47737 3329 62391
58419 458 46021
27125 15093 30664
18469 23194 1560
1387 53973 13587
43623 4999 59897
61089 112 10863
23194 18469 44594
13080 29745 48924
39058 7221 31906
3532 47192 11020
21215 20350 458
37801 7905 61189
474 58321 7812
3430 47464 11336
26103 15928 44240
15389 26758 2562
5678 42138 47011
24739 17088 21484
2179 51145 21619
16170 25813 58517
8468 36806 50959
20416 21148 27052
2094 51425 34928
31594 11763 12691
55216 1087 15688
5274 43010 35903
4960 43711 32455
4539 44683 48375
39396 7043 13872
442 58517 24668
27864 14507 31438
26466 15628 15330
39990 6735 2442
2593 49845 32219
1535 53403 5843
4576 44594 27642
38554 7492 20152
23542 18151 2353
42138 5678 17648
41619 5926 121
3566 47102 2623
26831 15330 23263
17461 24314 49568
37220 8232 2383
366 59008 35658
14391 28013 10345
20350 21215 19498
3810 46470 7583
15508 26612 56663
17648 24102 17398
30050 12857 24455
20284 21283 55216
6 62693 26030
2 62894 37220
55986 917 47373
48924 2904 50772
3130 48283 35740
42312 5596 28088
57539 609 3033
30127 12801 34685
28237 14217 45573
1955 51894 56760
4168 45573 7221
6605 40246 54
56663 777 26320
6051 41360 9687
26758 15389 32141
162 60591 8997
1510 53498 13024
296 59501 3295
58517 442 32062
34444 9888 8851
28987 13644 1662
58321 474 490
1363 54068 12525
19174 22436 58027
9488 35090 55697
35496 9241 53024
36231 8803 30127
37968 7812 47646
14623 27716 1222
323 59304 14333
10243 33882 35496
9340 35333 30050
51425 2094 3362
51987 1928 1087
26393 15688 5760
61489 77 1246
29365 13361 17711
35414 9290 35333
645 57344 34766
11496 31984 5596
34283 9989 6999
2502 50123 13701
3775 46560 18852
6219 41016 19890
77 61489 21283
32219 11336 14044
34 62090 21148
48741 2968 26978
20021 21552 4767
4389 45038 1044
59008 366 244
35577 9192 8803
48375 3098 10192
30203 12746 30510
46290 3881 15808
50030 2532 30741
4024 45931 30973
43185 5195 48832
35171 9438 11389
94 61289 55793
17523 24243 17274
24102 17648 3229
14275 28162 11710
13987 28536 102
17088 24739 816
3705 46740 856
43535 5038 56179
52646 1740 917
50772 2294 162
61689 61 3566
2066 51519 2324
44683 4539 26539
411 58713 55408
41102 6177 5926
3670 46831 29593
10294 33802 14507
4278 45305 29214
56566 796 51706
3000 48649 52646
14682 27642 231
36971 8373 5274
46831 3670 18342
47919 3262 9538
11925 31360 59205
56760 757 53973
44506 4614 184
5637 42225 1820
43887 4882 34203
9290 35414 2122
10141 34042 474
25813 16170 24102
5926 41619 5038
18852 22779 18917
31749 11656 1022
5195 43185 46650
4096 45752 49660
1412 53878 57344
12142 31050 8420
60492 173 4426
31128 12088 13417
49384 2747 7858
6177 41102 12196
1636 53024 62592
51332 2122 57246
36559 8611 57636
8997 35903 30587
54450 1269 3810
42399 5556 2747
25166 16718 60890
4843 43975 3670
2038 51612 46740
26685 15449 54545
12033 31205 2265
13644 28987 29745
18088 23612 16596
9938 34363 151
1340 54163 29290
50123 2502 51332
10967 32770 9488
3329 47737 9587
30587 12470 46200
20152 21417 57441
14044 28461 50493
36889 8420 44949
29974 12913 38722
33007 10810 34524
4921 43799 12801
7492 38554 16535
49476 2716 3705
36806 8468 59996
396 58812 51987
26030 15988 48649
47102 3566 7492
17899 23821 9888
6648 40161 58910
7311 38890 19368
6867 39735 5435
49937 2562 37801
3196 48101 269
16535 25381 37635
54545 1246 37968
15034 27199 29974
5719 42052 4576
8755 36313 17461
6135 41188 3601
18 62391 23333
45395 4242 9989
8707 36395 1585
22436 19174 34283
21822 19759 7311
310 59403 26248
10655 33245 6262
1900 52081 43185
6304 40844 39820
4315 45216 2472
11442 32062 12968
13248 29517 45395
55601 1001 352
36395 8707 41016
61389 85 10500
5884 41705 45038
958 55793 42399
26612 15508 42573
40075 6692 42312
43975 4843 557
34042 10141 56857
47828 3295 15628
28912 13701 3988
62693 6 36067
38135 7720 11817
9094 35740 27346
36313 8755 54737
917 55986 41274
46110 3952 24243
777 56663 9389
24032 17711 27790
3262 47919 41533
7812 37968 131
32849 10915 39481
59107 352 41965
11549 31906 540
1688 52835 4024
28013 14391 40587
62291 23 38470
16049 25958 2936
10090 34123 14565
7720 38135 33563
30433 12580 257
23612 18088 12746
32062 11442 12306
4464 44860 38218
25095 16780 4352
25310 16596 33723
37551 8044 13361
27420 14857 10706
4999 43623 24314
44152 4767 30433
46650 3740 2412
44772 4501 3262
352 59107 296
39566 6955 7905
8611 36559 19628
2472 50215 22986
6262 40930 2685
34605 9787 39143
4352 45127 15211
31205 12033 8373
51800 1983 33483
35985 8948 24881
48101 3196 22026
1767 52552 51425
55312 1066 15449
18788 22848 366
54163 1340 4464
32376 11230 50679
11763 31594 30818
43799 4921 1363
6735 39990 46470
29214 13474 11979
574 57734 41792
10345 33723 22231
28162 14275 5195
13417 29290 9290
2841 49108 51894
7401 38722 36642
51145 2179 20748
8326 37054 52835
6823 39820 25381
23472 18215 12360
22504 19110 19174
50679 2324 12142
5967 41533 62894
51519 2066 2968
50401 2412 17773
37718 7951 10758
131 60890 29365
16413 25525 1688
796 56566 13080
8091 37468 53119
9538 35009 27864
1585 53213 18151
50959 2237 61089
39481 6999 6
3229 48010 30895
62391 18 45752
11389 32141 5801
17212 24597 5475
34847 9637 3098
11072 32612 50123
9687 34766 4132
1269 54450 3065
48010 3229 44772
61789 54 18533
49108 2841 43623
10758 33086 6955
12196 30973 2066
29138 13531 42138
15270 26905 13531
24455 17336 23612
53593 1485 13305
19955 21619 34042
15628 26466 56470
507 58125 8091
34524 9838 1
7629 38302 2654
2151 51238 57149
4728 44240 523
31283 11979 5967
10040 34203 719
20087 21484 55024
13587 29063 35414
13136 29669 44506
40331 6562 53403
102 61189 30280
57929 540 4501
33802 10294 442
15748 26320 8611
44417 4652 11602
51706 2010 46380
44329 4690 36313
14740 27568 28536
6910 39650 979
48832 2936 34123
61589 69 19955
42052 5719 25238
9587 34928 32533
28536 13987 53878
21417 20152 8755
4 62794 59501
35090 9488 1316
41360 6051 4242
32612 11072 35985
59304 323 36971
8232 37220 3845
38386 7583 9340
14916 27346 18025
33245 10655 310
14565 27790 48010
52552 1767 427
11979 31283 56955
3065 48466 338
3740 46650 19045
15152 27052 31283
23055 18596 2502
45127 4352 16657
32455 11177 28312
57052 700 663
2122 51332 22504
7951 37718 4389
979 55697 58713
3635 46921 50865
42748 5394 40331
18917 22710 396
5515 42486 6177
35740 9094 36559
28386 14102 58419
15988 26030 40075
24597 17212 23542
26175 15868 4843
21890 19694 52740
836 56373 17026
26248 15808 6735
1714 52740 14275
31360 11925 77
10915 32849 7951
59897 244 34847
18278 23402 26905
13815 28761 55890
1485 53593 59403
12968 29898 411
44064 4805 62190
8373 36971 574
40844 6304 627
6562 40331 23821
17773 23962 6605
55120 1110 39312
22231 19368 1636
48192 3163 20218
9438 35171 11656
3098 48375 23
30895 12251 20482
8900 36067 10294
54068 1363 24952
6390 40673 49016
12746 30203 6432
48558 3033 5354
53213 1585 20948
173 60492 37884
9737 34685 10448
19824 21755 35822
20549 21015 6562
43272 5156 3916
11283 32297 43010
2623 49753 14857
3396 47555 5235
28611 13929 3430
39820 6823 18660
23821 17899 2532
10500 33483 40759
1662 52929 757
2904 48924 32297
219 60095 60492
20482 21081 2208
38890 7311 47
8044 37551 4278
3362 47646 23194
9389 35252 16291
18724 22917 7537
52081 1900 42748
22299 19304 54068
57441 627 61
31828 11602 10
3295 47828 7266
40161 6648 15748
19304 22299 1412
56276 856 14102
22162 19433 31205
53783 1436 42052
17836 23892 9637
32533 11125 3775
207 60194 53593
28461 14044 5156
40587 6432 19563
38806 7356 11549
55890 937 19304
738 56857 16352
24173 17585 41360
12088 31128 19433
1316 54259 23125
17150 24668 6779
54832 1177 32376
41188 6135 29138
16964 24881 36149
52929 1662 1292
29063 13587 20087
18660 22986 18215
4132 45663 3329
1461 53688 796
51052 2208 57929
6518 40417 47283
58125 507 40502
21687 19890 20284
33563 10448 59008
53119 1611 47555
36642 8563 21015
39650 6910 8326
25381 16535 25813
25238 16657 58125
62794 4 35171
28686 13872 21958
42225 5637 60095
34123 10090 51145
25741 16230 2873
23333 18342 39990
27568 14740 43535
62894 2 1846
3163 48192 9737
53878 1412 14916
39227 7132 36724
5394 42748 14623
60990 121 8138
13361 29365 7674
62592 10 10243
22917 18724 3881
12635 30357 18
16841 25024 4652
34685 9737 6219
19433 22162 40246
32141 11389 5116
11020 32691 20549
21958 19628 60293
26978 15211 6135
53688 1461 1066
15449 26685 23892
57636 592 53783
5596 42312 50586
39905 6779 61789
58713 411 48558
22094 19498 52175
12857 30050 23472
10603 33324 13987
37468 8091 6304
8420 36889 34444
4205 45484 61889
52269 1846 48466
2208 51052 20350
30664 12415 28
6692 40075 43711
60095 219 22848
3033 48558 31360
24314 17461 33007
11871 31438 2809
39143 7177 51800
17962 23751 22436
27052 15152 1900
34928 9587 35009
59205 338 44064
5475 42573 11871
5314 42922 17088
52175 1873 30357
7266 38974 19824
47011 3601 13136
19368 22231 6648
19498 22094 9143
7221 39058 21417
112 61089 10141
7177 39143 47919
30510 12525 7447
757 56760 45842
1044 55408 15508
31671 11710 28611
41446 6009 25166
33643 10397 1873
2716 49476 16841
27346 14916 10040
4882 43887 12857
18533 23125 3000
43448 5077 7766
51238 2151 45216
23125 18533 4205
28761 13815 22162
490 58223 24597
5435 42660 59600
53024 1636 34
14159 28312 11125
24881 16964 2294
18405 23263 1340
14507 27864 57831
7088 39312 16413
59403 310 37468
30973 12196 45484
9241 35496 52552
8138 37385 28686
54259 1316 6347
23962 17773 22367
6999 39481 13758
32770 10967 219
18342 23333 112
18025 23681 16049
19628 21958 41446
4805 44064 50308
2353 50586 59798
5235 43097 16718
29441 13305 26393
1611 53119 55601
45931 4024 20814
21619 19955 61589
36067 8900 54163
45573 4168 6823
15093 27125 28987
50586 2353 61989
8659 36477 20416
59600 283 49108
13701 28912 40673
35333 9340 8900
13872 28686 45663
24384 17398 381
9989 34283 32928
33483 10500 61389
37884 7858 21755
46021 3988 29898
15868 26175 17585
52835 1688 7088
23892 17836 8948
10810 33007 9094
55408 1044 56276
45305 4278 21552
28312 14159 5678
10 62592 54641
609 57539 26831
42660 5435 11496
21755 19824 21081
26320 15748 7132
47646 3362 19759
9787 34605 5556
46740 3705 28237
25024 16841 1928
24952 16903 50215
25525 16413 16903
700 57052 49845
49753 2623 8468
184 60393 17899
60293 196 60990
12801 30127 48741
59501 296 44860
14857 27420 41188
1066 55312 46290
53498 1510 25453
5038 43535 20615
9637 34847 2
28088 14333 14159
55793 958 13192
53308 1560 49384
56179 876 31516
54354 1292 55504
31984 11496 6910
43097 5235 52363
4614 44506 4921
816 56470 25885
35009 9538 23055
22710 18917 2778
15808 26248 4690
4426 44949 37302
3601 47011 52081
7858 37884 1200
12415 30664 2179
16291 25669 47192
16352 25597 16780
8563 36642 16474
11230 32376 10603
12306 30818 12088
58910 381 61489
44860 4464 46110
1 62995 62995
338 59205 58223
682 57149 4060
33962 10192 43975
1087 55216 51519
9838 34524 33962
2968 48741 38302
45484 4205 58321
61889 47 17523
2654 49660 59107
2010 51706 1485
13758 28837 16230
30357 12635 46831
54737 1200 3196
60691 151 48283
11656 31749 14
6432 40587 7356
14333 28088 8232
3498 47283 42922
60591 162 39566
41965 5760 60790
27199 15034 57734
9192 35577 44152
6093 41274 2593
20681 20881 8563
2532 50030 29517
14102 28386 10655
2412 50401 4999
2237 50959 38890
10448 33563 4539
59699 269 43097
2873 49016 4168
50865 2265 7401
6347 40759 4805
14217 28237 62090
32928 10863 700
50493 2383 41705
13192 29593 22094
20748 20814 47464
856 56276 42486
46560 3775 26103
8279 37137 18088
12580 30433 10810
2562 49937 3130
19759 21822 1387
244 59897 3464
5077 43448 1269
49845 2593 33166
20615 20948 31984
46470 3810 60194
15688 26393 19694
19239 22367 60691
33723 10345 17212
52363 1820 45931
22573 19045 27716
46200 3916 9241
19890 21687 38135
2936 48832 13815
2809 49200 33404
8803 36231 1001
2778 49292 43887
2265 50865 53213
4690 44329 592
11602 31828 58615
54641 1222 54832
23402 18278 54928
24526 17274 44683
1001 55601 4728
50308 2442 42225
37635 7998 28837
14975 27272 6692
11817 31516 45305
16780 25095 7043
47192 3532 141
40673 6390 61689
62492 14 28461
23263 18405 52269
30741 12360 39058
29745 13080 31749
25597 16352 3952
22779 18852 52929
27494 14799 22917
41792 5843 1177
55024 1132 27199
43360 5116 31671
58027 523 40844
27790 14565 49292
13929 28611 11442
35658 9143 11072
56470 816 5719
1793 52458 10551
3845 46380 23751
18215 23472 31828
16474 25453 1740
49292 2778 15928
45842 4060 45127
53403 1535 22642
22367 19239 1436
41533 5967 17150
25669 16291 15988
59798 257 39396
19110 22504 12580
22848 18788 836
43711 4960 47737
29517 13248 2237
57831 557 10090
47373 3464 13248
28 62190 3740
58223 490 19110
27642 14682 29063
51894 1955 22779
35252 9389 24739
16903 24952 36231
24810 17026 26466
21148 20416 19239
29290 13417 62291
3881 46290 38051
7356 38806 22299
45663 4132 15389
56373 836 30203
27939 14449 8044
41705 5884 34605
3952 46110 12913
17585 24173 16170
15928 26103 2151
20814 20748 18278
57246 663 42660
1292 54354 8707
17026 24810 56373
33086 10758 24526
3988 46021 1793
27716 14623 12251
1873 52175 14740
6009 41446 25525
29669 13136 38974
57149 682 26758
19045 22573 40930
29593 13192 38638
34203 10040 4315
33404 10551 4882
47 61889 6475
61 61689 46560
38218 7674 26612
7537 38470 13474
1246 54545 25095
5556 42399 38554
33324 10603 16964
1177 54832 55986
37054 8326 14217
25958 16049 33086
9143 35658 16109
49568 2685 29441
49660 2654 47102
37302 8185 5394
58812 396 59304
876 56179 2904
12470 30587 31050
31438 11871 21215
29821 13024 21890
4767 44152 9787
40502 6475 23962
1928 51987 27494
38722 7401 9192
627 57441 17336
2294 50772 27568
20948 20615 58812
40246 6605 25310
20881 20681 39227
62190 28 39650
10192 33962 40
60790 141 207
36724 8516 21822
1846 52269 37137
10706 33166 15868
141 60790 33324
16657 25238 25597
19563 22026 49476
60194 207 47828
40417 6518 52458
31906 11549 35090
52740 1714 507
1154 54928 54450
121 60990 25669
23681 18025 3532
8516 36724 9046
34766 9687 5314
49200 2809 20681
7043 39396 23681
12360 30741 1714
12525 30510 14975
25885 16109 9938
57734 574 6390
13305 29441 12033
1132 55024 18596
16718 25166 36477
15330 26831 9438
381 58910 28912
937 55890 1154
1740 52646 12470
54 61789 28162
7132 39227 55120
19694 21890 24384
10863 32928 32691
20218 21350 37718
1200 54737 8516
40930 6262 56566
18151 23542 53688
42922 5314 10397
35903 8997 25741
47464 3430 4614
44594 4576 33802
8851 36149 18469
17274 24526 39905
13474 29214 876
33882 10243 54259
44240 4728 22573
23 62291 173
58615 427 26685
21350 20218 6051
26905 15270 8659
2324 50679 15093
592 57636 26175
25453 16474 1132
1983 51800 6518
54928 1154 46921
33166 10706 10967
719 56955 18788
32691 11020 1510
17711 24032 9838
43010 5274 62492
22986 18660 20881
55504 1022 6009
56857 738 24173
14799 27494 33882
8185 37302 32849
9046 35822 55312
24668 17150 37551
16109 25885 5637
21484 20087 21350
38302 7629 958
52458 1793 53308
32297 11283 50030
56083 896 41619
14 62492 7629
46921 3635 10915
4501 44772 15034
13531 29138 27420
896 56083 896
11125 32533 48192
61289 94 53498
48466 3065 7998
12691 30280 3498
45216 4315 1767
4242 45395 5884
61989 40 20021
1110 55120 8279
27272 14975 33643
523 58027 31128
6955 39566 11925
42573 5475 29669
39735 6867 7720
22026 19563 43799
