5
100 100
-75.690 -78.456 -10.851 -92.358 94.791 -78.672 78.780 70.275 57.936 -1.356 88.686 24.633 20.670 6.192 -86.880 44.301 -92.361 73.695 -6.264 8.445 -92.511 57.807 -41.490 -13.920 -54.957 -94.878 4.233 -77.679 7.071 -91.008 -17.850 -97.215 -7.002 -57.282 93.810 -69.051 -45.759 -14.931 -64.515 73.773 10.728 60.216 69.048 -27.579 5.556 -97.563 19.032 -85.098 43.317 -27.321 10.662 22.296 96.060 -93.294 11.748 -57.087 9.177 13.749 -3.405 60.210 -67.026 41.631 84.885 -7.209 47.154 -21.855 -50.034 -0.303 -7.092 -82.878 -8.211 -56.814 -51.288 -13.479 83.619 -57.327 -61.143 -77.217 77.769 -50.193 76.326 20.550 -78.120 -27.669 49.401 10.200 46.818 -58.389 55.098 59.055 60.687 88.068 -69.525 -5.049 22.857 96.570 7.407 -43.023 25.635 21.474 
1 42 92 -74.511
1 37 76 52.314
1 14 86 -15.852
2 27 86 
1 37 82 -70.110
1 78 100 -50.505
2 32 52 
2 34 72 
1 30 32 33.132
2 1 29 
1 35 100 -53.271
2 24 42 
2 40 50 
2 76 100 
2 27 46 
2 25 84 
2 25 36 
2 46 71 
2 18 93 
1 25 74 83.220
1 44 71 -30.090
2 15 81 
1 25 59 18.024
2 18 29 
1 81 100 41.610
1 1 65 -84.825
1 7 12 -29.604
1 37 67 -34.776
1 13 66 71.841
2 53 72 
1 11 58 31.998
1 26 46 93.444
1 30 44 16.608
1 35 59 -21.903
2 16 75 
1 40 83 -42.072
2 38 77 
1 25 65 61.611
2 30 52 
1 45 95 65.118
2 85 91 
2 80 96 
1 8 46 46.122
1 21 33 29.298
2 54 72 
2 26 90 
2 29 40 
2 91 95 
1 18 55 72.576
1 49 57 68.970
2 2 40 
2 28 70 
2 32 34 
1 27 36 -17.526
1 18 62 -47.721
2 22 67 
1 7 83 19.473
2 44 96 
2 72 93 
2 13 18 
2 22 68 
1 23 29 -54.690
1 54 100 66.453
2 65 84 
1 45 89 -42.231
1 3 59 -71.259
1 76 91 73.914
2 2 6 
1 24 88 3.123
1 10 21 2.805
2 3 75 
1 72 76 45.027
1 23 37 20.670
1 55 83 -53.799
2 46 61 
2 43 60 
2 44 48 
1 69 90 65.364
1 8 80 -5.439
2 47 72 
1 43 45 -49.344
2 50 89 
2 26 52 
1 40 47 10.086
1 79 86 -30.309
2 49 51 
1 17 95 38.187
1 16 73 55.056
2 29 68 
2 30 60 
1 87 90 64.257
1 33 67 40.455
2 62 97 
2 33 51 
1 62 71 -96.939
2 11 21 
1 22 71 -10.788
1 11 100 -75.807
2 45 72 
1 62 83 79.185
100 100
61.998 86.130 22.116 53.718 -40.356 -89.715 -84.063 19.725 52.575 66.501 17.349 86.379 -59.037 -93.822 97.887 -37.380 -64.533 83.472 -21.048 59.403 87.927 -0.201 -81.675 -57.420 94.965 43.347 56.280 14.508 90.810 5.175 -14.427 -19.893 -77.421 66.903 -11.907 63.492 72.372 83.310 -41.991 88.533 -90.795 10.137 -48.084 7.296 90.480 -97.998 -96.144 -73.212 -76.695 66.399 18.723 36.441 -71.862 10.362 -5.163 32.064 -48.348 -90.540 -73.611 55.167 -21.012 -88.152 -95.961 87.156 4.584 -4.416 80.874 86.949 -32.469 33.288 -26.703 43.560 -40.416 -5.796 -32.472 -90.171 -8.196 75.501 -77.070 -89.778 -64.437 -89.109 56.499 -68.730 63.081 1.581 79.179 -23.589 7.695 57.753 36.243 84.309 45.714 -52.392 -19.716 -50.766 -32.601 27.894 -15.702 -72.057 
1 12 12 -65.379
2 52 61 
1 43 72 -17.082
2 1 56 
2 24 51 
1 11 40 -78.051
1 11 96 -79.257
2 52 72 
2 24 38 
2 1 8 
1 78 85 -44.436
1 63 97 37.611
2 33 66 
1 29 46 24.582
1 29 46 -12.615
2 2 13 
2 28 93 
2 43 96 
2 50 77 
2 43 49 
2 16 48 
2 50 66 
2 32 70 
1 54 69 84.156
1 82 96 -52.758
2 60 79 
1 59 90 60.714
1 9 57 72.513
2 12 75 
2 6 8 
2 62 89 
2 36 93 
1 68 77 1.209
2 55 68 
1 15 30 -17.379
1 13 32 44.667
2 90 100 
1 13 37 -73.161
2 83 92 
2 28 62 
1 47 97 -45.549
1 3 33 -17.835
1 82 96 -94.869
2 3 70 
1 38 90 64.797
2 53 55 
2 33 51 
2 72 94 
2 5 91 
2 6 20 
1 29 29 -17.166
2 75 85 
2 38 85 
2 82 90 
1 51 60 -13.638
2 22 34 
2 19 47 
1 62 64 65.538
1 46 72 40.506
1 54 55 47.280
2 17 36 
2 36 93 
1 66 71 -67.008
1 13 45 88.446
2 2 27 
2 7 81 
2 91 92 
1 24 58 -8.100
1 63 86 -8.106
1 49 53 87.705
1 38 73 -5.376
2 20 82 
1 46 92 59.952
2 80 100 
1 20 87 -7.950
2 9 17 
1 26 100 -80.688
2 3 15 
1 38 99 93.231
2 64 89 
2 6 42 
2 56 63 
2 19 96 
1 71 95 -7.614
2 24 44 
2 19 36 
2 100 100 
1 25 55 0.093
2 23 57 
1 76 93 -41.730
1 23 29 -33.447
1 49 79 53.331
2 26 45 
2 22 41 
1 67 82 24.444
2 8 52 
1 58 78 39.027
1 24 41 67.722
2 7 86 
2 31 49 
100 100
28.503 -88.341 -32.259 45.252 -40.575 -11.892 14.616 10.968 -67.779 -48.240 -64.233 62.904 81.648 -86.304 -94.593 71.337 -36.777 83.808 73.095 23.160 -77.040 -55.365 -12.213 -40.677 -16.806 -23.715 22.125 68.655 -63.240 32.391 -31.524 -16.020 -27.174 23.220 -61.422 -57.291 -70.005 70.200 68.865 -12.423 -37.443 -84.945 -48.675 -66.036 34.365 75.129 0.063 -73.536 -78.054 71.151 52.950 10.005 9.507 -15.909 65.937 87.315 -55.983 -10.956 -72.099 47.961 78.759 34.260 -98.154 -93.189 -61.956 14.307 45.015 4.782 -72.978 -63.969 23.037 97.764 -87.813 87.663 -60.549 71.865 74.337 39.786 -70.461 -87.099 38.805 47.979 -74.886 -33.003 35.421 8.007 -98.013 -38.994 40.791 -26.514 22.116 -63.084 86.403 -40.470 94.803 -33.591 59.313 87.903 -23.163 -52.263 
1 42 96 -45.066
2 16 56 
2 39 80 
1 9 55 11.466
2 39 45 
1 40 55 73.812
2 25 79 
2 31 34 
2 31 95 
1 46 88 -56.415
1 39 90 65.889
2 10 31 
1 9 38 -73.422
1 56 94 -20.202
1 7 85 21.225
2 33 42 
1 80 80 54.849
1 19 26 -38.211
2 38 78 
2 57 96 
1 2 94 -10.296
1 8 76 63.552
2 77 91 
2 30 52 
1 73 75 -10.773
2 40 91 
2 54 64 
2 4 6 
1 80 96 -18.417
1 40 84 -88.545
2 23 27 
1 29 82 73.197
2 24 44 
1 44 50 8.106
1 42 88 25.038
2 1 14 
1 63 91 26.805
1 78 83 -78.780
2 64 75 
1 67 96 49.080
1 12 46 -28.401
2 43 90 
2 3 48 
2 24 100 
1 4 49 63.153
1 59 68 -25.368
2 20 63 
2 32 57 
2 45 92 
2 16 89 
1 20 73 77.373
2 43 76 
2 1 55 
1 58 86 -75.999
1 4 51 51.699
2 12 91 
1 42 59 -57.141
1 3 80 98.049
1 23 69 50.685
1 43 62 66.582
1 43 79 -94.071
2 46 70 
1 14 65 -77.130
2 5 74 
1 3 4 33.207
2 53 75 
2 31 45 
1 19 50 72.195
1 71 74 89.193
2 70 99 
1 4 53 -77.037
2 23 89 
2 35 51 
1 12 41 28.476
1 17 78 89.628
1 16 49 80.394
2 58 84 
1 3 63 58.260
1 42 74 -38.058
2 18 93 
1 50 68 -0.195
1 20 82 6.009
1 32 90 69.456
1 8 65 -36.885
2 11 91 
2 37 72 
2 41 44 
2 38 94 
1 75 94 86.346
2 63 91 
2 52 98 
2 18 91 
1 4 67 -14.649
2 46 87 
2 2 66 
1 10 98 81.849
1 22 76 91.743
2 88 100 
1 39 80 32.100
2 6 19 
100 100
-22.620 73.377 -43.194 81.294 31.443 -58.701 -85.788 23.238 23.010 64.428 74.751 -50.280 -41.274 -96.765 -2.178 9.102 -31.179 -81.819 -48.579 90.411 11.070 -41.082 97.881 -2.967 11.637 33.447 2.007 -76.794 76.308 60.369 5.193 68.583 28.155 -32.448 50.112 -92.859 -84.669 92.376 -30.144 41.790 59.442 16.281 4.812 49.422 1.518 52.767 -83.427 -34.341 -11.454 53.925 75.267 -90.198 20.520 44.028 85.923 -52.953 24.561 63.255 93.750 -14.265 84.384 72.831 -79.272 -11.616 -92.655 -19.938 19.434 -74.775 -93.780 -62.334 -41.565 -38.781 75.402 -68.025 -49.002 8.211 17.922 61.068 96.240 96.435 5.475 -40.719 39.111 29.715 -5.151 58.617 32.838 90.693 2.517 -62.487 10.182 -58.935 2.025 -96.216 7.440 80.691 88.824 -69.831 -60.402 27.234 
2 37 79 
2 22 39 
1 64 78 -64.725
2 1 62 
1 3 49 -75.285
1 8 38 -41.979
1 22 60 21.174
1 20 78 -89.571
2 24 65 
2 30 73 
2 16 16 
1 58 60 -2.100
2 30 42 
1 28 99 -48.672
1 34 86 45.114
1 30 85 35.727
2 1 86 
1 6 94 -28.236
2 8 78 
1 5 91 29.502
2 35 86 
1 43 99 66.258
2 25 98 
1 55 70 54.324
2 67 69 
1 1 39 32.457
1 40 85 -7.668
1 15 79 41.361
1 21 28 -7.662
2 43 99 
1 5 22 -41.838
2 9 34 
2 34 87 
1 43 86 -56.526
2 21 44 
1 14 88 39.189
1 16 57 -89.283
2 52 60 
1 25 71 16.521
1 2 52 43.467
2 14 91 
1 56 61 -21.279
1 44 77 22.119
2 29 76 
1 62 70 -97.509
2 52 93 
2 71 93 
2 8 73 
1 6 41 61.149
2 8 39 
1 72 72 61.962
1 24 30 1.467
2 33 57 
1 40 67 25.566
1 6 54 81.273
1 30 88 -0.126
2 57 89 
1 55 67 -35.499
2 32 39 
2 77 99 
1 21 54 -72.021
1 23 43 87.021
1 48 94 -85.890
2 15 77 
1 18 35 61.860
1 55 65 -56.598
1 1 76 -36.636
2 77 80 
2 78 90 
2 73 86 
1 45 62 -76.689
1 9 89 36.471
2 65 75 
1 38 82 75.954
1 33 92 -81.369
2 31 62 
1 70 92 25.200
2 15 18 
2 37 42 
2 29 54 
2 74 82 
2 17 70 
2 68 86 
1 31 58 86.043
1 67 88 -39.513
2 39 65 
2 16 48 
1 12 58 -4.215
2 41 81 
1 21 76 -77.370
1 5 87 13.467
1 11 89 56.154
2 10 28 
2 17 80 
1 54 97 34.374
2 7 50 
1 61 73 36.882
2 30 47 
2 29 60 
2 22 89 
100 100
-49.098 80.055 -75.987 -68.580 26.946 97.518 -35.937 23.661 43.407 52.620 -21.798 -40.527 6.951 96.159 -36.774 -53.529 49.398 54.420 38.811 -7.536 28.653 -65.451 -63.876 -82.590 75.888 -97.167 17.427 -95.232 -24.546 -18.360 18.876 42.642 80.421 -26.115 -21.033 -20.079 78.609 -53.286 -80.838 -3.144 79.872 23.862 -3.381 84.720 -45.381 -71.451 -30.426 85.200 64.428 32.805 17.493 10.611 53.766 84.087 48.633 -80.640 -9.879 -62.355 -31.329 31.665 -27.810 28.125 40.920 54.120 -86.502 -4.617 -38.388 -21.786 92.193 -73.392 -42.744 60.510 -81.546 39.879 -69.996 96.993 93.012 45.078 -35.214 58.869 -1.323 59.085 10.977 -37.884 3.264 25.839 55.707 -23.037 83.511 -69.345 -5.169 88.344 -33.459 -73.185 -13.524 -52.233 -22.995 9.606 -74.484 -83.115 
2 16 70 
2 6 85 
1 41 46 -2.499
1 69 95 -49.899
1 33 82 48.768
1 2 83 36.918
1 28 72 21.411
1 34 96 87.513
1 12 80 -93.102
2 31 62 
1 27 59 17.718
2 28 89 
2 25 85 
2 25 36 
1 68 83 -25.881
1 87 90 -61.620
1 60 79 -86.868
2 1 43 
2 26 44 
2 16 17 
1 7 69 94.923
1 14 26 -84.069
1 58 97 25.017
1 44 47 94.566
1 56 59 80.541
1 28 74 10.239
1 51 73 -51.723
1 14 26 -50.472
2 4 95 
2 68 88 
1 42 80 54.375
1 1 8 -97.863
2 18 18 
2 44 94 
2 12 26 
1 49 79 -8.550
1 24 55 -73.059
2 27 47 
2 5 39 
2 6 87 
2 29 57 
2 20 52 
2 18 67 
1 88 94 -4.263
2 45 100 
2 2 29 
1 5 69 -89.304
1 21 63 63.732
2 20 85 
1 60 85 39.447
2 4 33 
2 15 38 
2 20 52 
1 18 84 -95.754
1 70 87 -78.744
2 25 69 
2 49 94 
1 70 72 -2.679
1 5 85 8.829
2 93 94 
1 91 100 -44.670
1 50 75 -27.942
2 19 66 
2 12 39 
1 9 64 -75.447
2 21 32 
1 69 72 19.263
2 48 83 
1 23 24 2.718
2 46 57 
2 19 24 
1 37 98 31.773
1 14 52 -77.640
2 42 46 
1 6 50 -73.542
2 5 25 
1 18 28 1.665
1 69 99 26.937
2 59 91 
2 11 33 
2 51 97 
1 23 30 -23.016
2 54 77 
1 53 86 -5.253
2 2 36 
2 17 73 
1 12 29 96.375
1 40 45 3.168
1 59 89 36.063
1 29 78 65.937
2 46 81 
1 27 63 -14.157
2 48 86 
2 7 85 
1 10 70 -83.868
2 17 66 
1 36 98 -15.570
2 6 87 
1 44 76 52.131
2 56 83 
