5
100 100
-75.759 -83.262 97.464 36.024 2.820 8.991 -25.362 -24.711 -37.497 -88.839 56.046 -46.053 -51.411 -49.800 -71.049 26.904 -65.904 -7.923 -37.311 -97.497 89.607 -87.768 22.920 45.036 17.460 4.989 -77.691 8.322 -82.659 86.634 76.872 -54.225 -92.136 -91.872 19.512 -12.165 -1.386 -60.252 -93.366 58.191 -59.250 41.751 -14.793 -82.515 31.071 84.870 2.955 -3.252 -56.175 -89.565 46.014 43.284 -92.226 16.518 -15.159 85.515 -10.827 -59.562 36.717 -72.627 49.497 -93.108 40.941 75.039 -47.136 -65.727 60.390 27.102 18.858 -61.998 -98.208 -16.248 5.847 -32.532 -57.855 -43.770 84.975 77.004 -29.187 -43.623 -46.608 2.148 46.152 -60.984 -18.612 -22.569 -4.233 -0.750 70.449 48.423 32.535 -27.264 75.321 17.571 42.597 42.465 -26.970 -92.574 26.751 11.901 
1 47 63 58.206
1 7 96 24.942
1 77 80 77.466
2 13 77 
1 58 71 -18.114
1 62 81 54.600
1 48 62 -17.817
1 53 80 97.854
2 48 85 
2 14 76 
2 43 72 
2 22 37 
2 30 35 
1 37 70 -68.691
1 3 6 -3.714
2 17 82 
2 24 28 
2 14 83 
1 17 89 -45.957
2 52 60 
2 65 84 
1 13 85 -65.277
1 34 60 -83.142
2 23 42 
1 53 78 1.695
1 11 68 45.165
1 23 40 -82.323
1 35 69 -94.323
1 75 77 -15.411
2 19 46 
2 53 75 
1 25 57 -20.898
1 35 41 -45.888
2 6 19 
2 42 66 
2 60 72 
1 17 18 -5.829
1 6 58 94.506
2 33 47 
2 46 47 
2 2 53 
1 54 85 58.947
2 26 47 
1 37 96 29.379
1 57 97 -9.630
1 51 91 -41.385
1 16 37 -88.083
1 30 35 18.150
1 37 85 -32.370
1 17 67 -19.164
2 11 51 
1 22 94 81.114
2 81 96 
1 21 68 13.035
2 34 97 
1 33 90 53.517
2 30 54 
2 1 14 
1 46 62 6.453
2 8 14 
1 18 77 -33.633
1 32 67 89.826
1 56 88 45.771
1 11 63 -92.838
1 47 66 -40.620
1 65 95 37.752
2 1 7 
1 3 97 26.499
2 16 46 
2 49 55 
2 80 89 
2 93 98 
2 10 53 
2 23 59 
2 98 100 
2 21 21 
1 13 85 -5.745
2 42 100 
2 9 45 
2 80 82 
1 8 60 -77.118
2 25 27 
2 75 85 
1 46 47 61.443
2 39 69 
2 5 94 
2 18 98 
2 42 44 
2 80 98 
1 34 56 5.862
1 5 80 37.464
1 73 77 80.103
1 32 81 -59.925
1 39 58 44.970
2 43 48 
1 32 71 72.183
2 34 91 
1 3 64 -1.506
2 48 99 
2 7 23 
100 100
26.058 -70.731 56.049 -39.720 49.392 -61.011 81.504 45.765 -14.574 88.968 39.603 63.828 -98.106 45.069 78.936 40.425 80.550 -16.464 78.303 -74.394 -56.544 90.735 43.386 54.774 -26.613 -24.516 73.323 48.264 -41.928 54.894 -93.849 59.991 17.307 2.751 45.060 52.326 -97.167 -10.440 32.331 -25.143 -1.566 -62.937 47.139 59.205 -6.558 -61.944 -44.256 27.780 -19.908 -59.757 -80.376 57.834 94.488 -63.033 -22.641 -69.606 -20.106 -94.617 6.771 65.760 -58.077 21.894 71.880 88.773 66.099 36.408 53.325 -43.128 60.816 15.258 28.545 70.485 55.368 25.311 -37.878 -3.255 -56.724 4.080 -63.462 59.256 -26.118 -91.890 69.537 24.939 -97.551 42.435 5.907 -72.924 -71.286 71.043 -69.441 -68.124 -50.145 -93.198 43.989 16.623 -55.893 7.542 77.964 84.504 
2 45 51 
1 7 79 -88.281
2 28 72 
2 62 74 
1 3 88 94.251
2 27 96 
2 7 14 
1 6 60 -67.488
2 53 80 
2 27 94 
2 66 72 
1 8 72 72.261
2 16 97 
1 54 93 24.771
2 58 87 
2 66 87 
2 14 60 
2 2 29 
1 57 70 20.193
1 44 96 -93.822
1 12 86 17.166
2 75 96 
1 59 84 51.885
2 4 32 
1 1 91 -64.440
2 3 59 
1 58 62 -72.360
1 14 33 69.276
2 21 59 
1 88 95 -14.949
1 15 47 -73.170
2 64 68 
1 20 32 8.640
1 21 49 27.237
1 9 88 -36.378
2 19 21 
2 15 57 
2 35 57 
1 9 52 94.434
2 25 77 
1 90 91 88.116
2 3 45 
2 10 40 
2 38 87 
1 28 70 52.869
1 16 45 -16.308
1 59 77 23.856
2 16 89 
1 83 89 -84.222
2 57 57 
1 17 25 36.387
1 50 73 70.188
1 3 76 -16.248
1 56 60 -34.251
1 25 44 95.997
2 14 34 
2 74 94 
1 75 76 -17.955
1 9 96 -33.078
2 30 89 
1 78 94 0.024
1 38 77 92.448
1 13 90 51.759
2 3 23 
1 55 70 38.187
1 27 75 49.389
1 49 54 28.509
1 34 38 62.085
2 45 60 
2 8 77 
1 46 93 -68.916
1 12 36 -47.505
1 33 57 -48.474
1 25 97 39.360
1 46 84 91.722
1 39 65 -54.312
2 5 43 
2 26 53 
2 25 43 
2 36 91 
1 29 56 -83.412
2 80 82 
1 84 93 -31.596
2 48 62 
2 70 91 
2 29 40 
1 72 81 -65.334
1 45 49 -74.235
1 17 99 93.540
1 27 73 -82.437
1 6 37 -45.999
2 33 39 
2 19 65 
2 9 33 
1 39 79 -67.914
2 45 70 
1 50 70 79.554
1 44 62 76.809
1 4 27 -51.012
1 24 48 16.188
100 100
50.679 -40.527 -59.085 -46.767 -93.516 82.074 78.804 85.530 92.322 -92.730 12.546 -46.485 -2.622 44.706 13.380 -20.916 78.366 -64.731 76.815 82.782 49.029 -7.443 35.016 -40.284 29.286 73.224 5.724 35.277 15.612 12.957 17.835 -24.498 -34.101 -65.361 91.668 -10.341 54.849 -87.993 -85.749 38.169 -66.054 27.660 -96.546 -58.470 12.972 -59.031 34.929 -47.031 93.204 96.588 50.484 88.278 -32.091 56.109 -34.224 -28.524 -90.714 -79.329 67.503 75.384 -70.950 33.576 -47.607 82.395 -53.139 -55.902 62.916 74.703 -15.531 77.310 -43.092 49.770 6.711 96.537 60.507 36.126 84.546 23.778 -5.010 16.953 -21.639 77.349 8.226 -13.416 -55.302 62.154 -44.601 -32.814 27.771 85.842 -85.374 -78.189 62.421 58.467 19.095 22.758 -23.499 -39.990 -26.784 -37.299 
1 11 36 -34.797
1 29 83 -88.056
1 9 95 27.756
1 9 36 -9.792
2 16 50 
2 1 90 
1 24 49 59.553
2 1 92 
1 91 98 -14.757
1 32 45 10.020
2 26 84 
1 93 94 84.756
1 35 41 -94.491
2 6 41 
2 11 93 
2 79 80 
2 74 78 
2 21 98 
1 77 91 19.746
2 19 90 
2 25 50 
1 9 81 -83.901
2 4 71 
2 75 97 
1 12 20 -86.283
1 64 84 -41.148
1 42 55 20.439
1 16 61 32.712
1 81 99 81.096
1 18 41 51.018
2 50 83 
2 6 59 
2 96 97 
1 79 79 40.737
2 8 51 
2 82 96 
1 54 77 -62.697
2 9 94 
1 30 44 -22.542
2 74 92 
1 49 52 -32.958
1 18 78 -43.887
1 70 92 68.736
2 16 92 
2 41 58 
1 37 52 28.461
1 56 84 -25.182
2 66 66 
2 62 79 
1 41 79 13.833
2 71 76 
2 50 51 
2 15 66 
1 8 33 26.688
1 11 83 52.923
2 6 80 
2 39 52 
2 9 47 
1 60 90 91.266
1 29 56 -88.842
2 49 78 
2 32 62 
1 56 98 -66.318
2 82 97 
2 48 56 
1 19 36 34.128
2 75 99 
2 23 36 
2 54 89 
1 48 81 59.778
1 2 62 42.597
2 17 74 
2 46 74 
1 51 54 3.543
2 11 44 
2 30 73 
2 13 77 
2 48 91 
2 6 73 
1 21 90 69.495
1 7 94 -79.734
1 67 72 -10.188
1 30 95 -44.364
1 70 79 64.851
1 69 85 -53.718
2 19 91 
2 86 87 
2 11 21 
2 14 16 
2 19 81 
2 68 88 
1 8 87 13.080
1 32 53 -90.813
2 38 86 
2 5 78 
1 23 69 -58.239
1 38 39 64.164
2 48 82 
2 85 88 
2 18 94 
100 100
0.123 -19.002 -57.507 34.434 -80.886 -17.115 69.843 29.883 8.985 -14.481 -97.173 -11.706 0.876 -52.263 59.154 16.341 44.313 -5.607 77.001 51.105 86.109 -93.966 -53.019 45.423 -84.759 -76.641 -97.986 60.111 -26.169 82.587 36.948 66.570 0.864 27.120 -57.792 -82.338 -47.670 73.110 -45.018 -73.179 58.887 72.252 -56.268 -14.898 -41.793 50.832 73.878 16.611 48.354 -68.787 14.499 13.917 68.112 41.931 95.019 -15.063 -80.772 -18.810 -80.331 -15.291 71.958 -27.483 67.065 70.965 -12.093 82.050 -50.823 41.898 93.321 -54.021 46.371 83.259 -44.835 96.627 -72.663 19.266 82.518 -49.239 2.700 56.286 52.230 -82.872 64.644 -82.785 10.806 -30.873 -28.122 -13.788 82.044 -59.004 24.843 0.159 79.254 -20.700 54.381 -11.184 73.944 -53.421 -42.930 68.439 
2 17 36 
2 1 50 
2 57 99 
2 9 25 
1 10 90 98.106
2 44 94 
2 15 88 
2 1 49 
1 19 81 59.388
2 90 99 
2 58 73 
1 39 93 18.114
1 58 59 18.573
1 12 57 48.606
1 29 56 67.938
1 34 76 89.607
1 17 82 95.994
2 22 100 
2 77 93 
2 13 76 
1 4 11 -80.607
1 2 90 45.765
1 83 86 -30.855
1 18 58 -29.496
2 22 55 
2 30 77 
1 26 93 31.665
2 13 42 
2 19 61 
2 24 40 
2 88 97 
2 38 50 
1 50 94 -69.585
1 6 87 73.464
2 15 35 
2 17 72 
1 14 64 -73.065
2 9 13 
1 14 46 -83.268
1 47 83 -1.443
1 23 30 6.483
1 67 74 36.132
1 40 54 60.072
1 46 50 -39.558
1 23 69 42.054
2 59 92 
1 26 78 13.242
1 35 75 73.116
2 71 88 
2 19 78 
2 64 71 
1 86 93 -9.306
2 3 28 
2 26 28 
2 24 25 
1 62 82 -93.009
2 26 94 
2 43 93 
1 65 87 23.700
1 14 75 42.810
2 12 34 
1 68 97 21.855
1 95 96 64.872
2 77 95 
1 3 72 67.398
2 52 85 
1 20 65 -69.456
2 27 61 
1 58 71 -60.945
2 44 59 
1 10 83 -51.258
2 75 78 
2 28 30 
1 21 24 20.706
2 38 97 
2 26 96 
1 3 61 24.348
1 12 72 19.233
2 21 91 
1 64 89 14.820
1 1 30 53.139
1 8 66 -34.431
1 4 40 -38.280
1 9 78 63.339
2 51 61 
1 85 94 -58.215
2 5 36 
1 51 73 -56.469
1 17 27 28.071
2 38 72 
2 62 97 
1 13 18 -38.151
2 24 42 
2 30 66 
2 33 97 
2 54 63 
1 35 55 -50.916
2 33 64 
2 12 84 
2 49 68 
100 100
14.025 6.669 71.262 68.223 -64.377 9.663 4.878 45.615 71.550 -66.837 36.579 4.911 -16.668 -30.528 -20.886 -47.643 -43.239 59.565 39.426 -82.833 61.272 5.256 -84.888 -30.120 -2.625 38.454 -3.051 84.336 39.507 -60.120 86.055 -58.491 -77.970 58.059 -55.953 66.132 1.005 -33.576 -75.792 -85.509 -71.325 -87.876 -52.647 76.683 -19.401 -78.387 83.439 -61.803 60.645 -24.639 -77.472 70.176 -8.010 -84.081 30.225 46.494 18.861 97.812 63.663 17.118 27.030 -82.467 36.492 -22.857 -22.773 -95.454 -2.250 14.925 0.909 63.294 -40.752 -8.913 68.739 -64.635 52.638 5.307 -25.557 -84.867 -8.595 -69.735 84.954 28.803 -63.396 81.456 85.710 89.703 43.269 -34.800 -42.045 0.084 -76.041 -8.829 67.227 -15.147 4.764 -1.824 63.663 -89.862 42.438 23.847 
1 21 49 -81.201
2 27 36 
2 39 54 
2 25 49 
2 58 60 
1 45 56 69.954
2 26 56 
2 50 97 
1 16 65 70.026
2 43 97 
1 27 73 -43.818
2 5 6 
1 13 76 -90.279
1 37 42 92.442
1 37 53 92.514
2 16 32 
1 26 42 -6.033
1 51 91 16.986
2 17 54 
1 9 63 66.699
2 4 35 
1 25 49 -36.951
2 1 29 
1 19 59 72.150
2 4 65 
1 10 44 -44.706
2 49 83 
2 21 75 
1 24 32 58.107
2 9 20 
2 4 46 
2 5 93 
2 14 99 
2 23 39 
2 11 62 
1 9 62 -11.877
2 38 70 
2 1 59 
2 18 65 
2 16 56 
1 13 40 87.864
1 11 86 73.452
1 16 52 19.623
2 11 99 
2 78 89 
1 57 90 -78.339
2 24 91 
2 29 85 
1 1 72 5.655
2 34 68 
2 69 96 
2 30 77 
1 10 99 14.079
1 17 50 -80.001
2 22 65 
2 17 27 
1 27 67 -87.261
1 41 87 18.063
2 10 65 
2 3 74 
1 42 46 95.286
2 7 69 
1 3 8 -72.921
1 31 37 -72.342
1 57 91 -63.879
1 46 55 -44.124
2 13 32 
1 40 59 -74.166
2 53 70 
2 24 39 
1 60 67 97.494
1 34 63 36.474
1 38 93 11.775
1 3 8 12.294
1 1 79 -62.397
1 41 83 84.945
1 37 68 55.191
2 29 52 
1 31 50 50.775
2 21 41 
1 48 63 4.965
1 55 62 49.194
1 47 89 58.707
2 16 76 
2 16 76 
1 35 71 -2.715
2 62 63 
1 50 70 0.990
1 26 34 -32.730
1 38 79 -37.179
1 65 92 59.847
2 5 38 
2 24 65 
1 9 69 -57.843
1 53 74 -24.582
1 73 97 -18.747
1 20 44 -97.833
2 20 66 
2 17 86 
1 10 16 33.192
