100
1000
67 95
83 30
21 18
54 84
11 29
66 92
92 31
45 91
51 85
3 37
46 13
86 94
96 94
49 78
68 6
62 97
39 20
64 8
80 55
2 55
10 54
61 11
54 74
83 5
83 37
21 15
62 76
99 67
21 55
26 30
91 56
23 63
5 25
29 56
52 38
55 39
2 74
47 85
77 29
21 52
58 18
24 99
30 25
78 74
87 32
87 89
28 82
100 37
90 92
28 25
70 75
78 39
3 70
48 59
50 80
31 39
38 92
8 16
85 45
27 87
64 100
90 64
18 92
92 51
97 68
75 24
36 95
55 33
72 16
63 36
91 59
5 51
1 24
77 22
55 34
74 92
70 3
36 18
94 46
53 42
74 65
59 84
77 68
85 69
49 53
58 74
19 50
54 43
3 40
98 63
1 41
30 70
32 13
57 4
51 16
17 54
81 27
100 30
85 19
94 76
82 90
35 22
71 49
43 80
38 37
84 36
10 99
29 56
23 6
93 1
13 26
45 70
91 34
25 74
9 21
88 50
4 33
67 55
89 72
56 33
20 8
43 36
62 18
53 80
94 86
51 46
28 44
81 83
87 94
32 87
28 60
96 30
50 20
30 70
68 11
33 83
37 79
23 13
2 64
43 22
73 25
40 31
13 94
89 92
62 83
51 98
50 74
34 65
8 89
36 90
36 15
62 46
55 40
8 39
33 43
91 99
68 27
77 7
7 77
52 70
55 9
51 58
76 13
38 42
7 10
100 93
82 42
54 85
88 18
85 79
23 21
72 35
32 60
75 47
10 11
76 97
50 12
4 76
5 15
91 54
8 47
89 1
6 65
56 33
44 21
65 36
20 93
60 28
57 50
23 30
15 60
43 96
86 87
93 94
7 4
33 48
14 81
33 53
70 29
61 40
79 8
85 81
60 31
46 5
37 16
14 55
7 34
40 48
61 84
8 69
76 34
43 79
55 68
14 26
49 61
51 81
22 30
4 45
53 2
1 91
36 35
37 51
93 28
15 39
88 100
11 97
60 7
90 80
54 4
62 76
11 15
27 95
34 72
1 71
2 71
83 45
37 1
31 24
33 15
96 67
86 38
16 47
4 99
85 53
94 68
90 78
16 54
77 3
89 12
20 87
84 4
60 27
83 44
34 57
100 96
68 93
91 78
74 48
73 74
30 85
32 11
93 68
43 62
7 45
55 70
24 94
17 63
68 56
10 75
68 75
13 38
26 36
4 48
63 7
42 28
63 57
51 39
88 23
52 55
58 88
96 82
63 67
71 78
79 41
19 22
42 10
36 40
93 77
48 92
5 69
67 21
22 72
99 35
43 31
11 17
42 52
69 100
39 91
85 76
100 45
69 60
52 65
46 100
100 79
16 38
49 53
12 82
51 59
84 67
14 47
69 61
75 18
61 60
77 54
84 16
76 29
16 51
13 20
62 17
48 3
54 58
59 20
90 69
64 2
75 87
8 40
53 1
9 90
85 42
85 87
99 92
91 36
44 34
59 96
84 51
41 32
76 13
23 5
56 75
12 44
71 91
23 49
99 14
63 95
83 47
90 27
10 95
93 7
98 33
12 53
52 65
83 3
54 73
44 49
10 57
78 18
29 63
37 23
24 49
30 18
25 53
77 21
38 13
74 1
85 21
81 26
59 89
18 16
55 95
83 100
97 37
87 15
4 31
19 50
55 44
70 34
11 93
15 54
49 38
54 39
38 84
26 24
100 46
57 22
43 84
84 49
40 73
31 16
44 75
96 13
83 12
99 12
90 54
26 90
96 97
19 59
95 94
56 96
86 2
6 58
79 25
7 15
6 24
93 24
58 49
32 94
33 72
79 4
79 52
90 57
29 74
22 34
55 93
14 64
19 23
65 55
20 31
79 21
75 4
56 20
84 1
90 29
23 29
31 79
41 56
43 23
21 63
31 10
60 21
42 4
80 78
98 58
11 48
11 6
43 7
32 56
13 29
42 25
31 56
1 96
26 15
100 9
76 11
24 37
16 45
84 41
95 18
84 66
75 59
75 89
47 11
49 41
46 95
9 86
63 12
95 63
100 53
17 97
65 23
47 81
84 45
33 95
91 48
88 65
25 57
16 88
61 49
96 34
71 29
18 15
32 86
12 3
52 65
31 4
34 62
68 56
44 6
56 87
99 36
44 18
57 10
92 50
29 47
92 70
60 3
9 50
89 53
81 90
54 20
25 79
93 49
85 28
27 56
97 67
20 1
43 5
55 57
10 59
1 53
13 7
4 30
2 26
20 14
93 11
34 98
55 100
59 28
24 44
23 26
85 57
26 24
74 90
23 79
15 59
59 6
36 16
52 98
94 43
47 92
32 38
71 14
94 85
84 66
73 95
66 25
19 3
57 40
52 49
16 99
1 98
92 71
60 16
68 34
60 2
96 4
78 23
66 96
89 9
23 55
14 63
53 69
15 59
56 78
53 78
11 78
39 21
57 100
49 77
4 74
53 1
61 90
72 34
40 41
68 83
70 13
93 39
60 77
66 36
5 53
49 53
40 19
14 70
11 72
27 14
100 60
3 37
6 77
49 55
63 25
36 53
51 9
13 99
86 45
39 49
86 10
9 66
83 67
48 22
21 55
15 63
48 74
57 74
37 54
74 55
95 27
76 26
99 78
75 67
17 46
18 12
52 13
24 90
44 74
51 85
17 74
60 72
91 8
64 9
20 64
5 12
50 36
48 10
82 6
73 51
23 56
63 68
59 17
55 15
10 27
39 68
5 81
39 5
94 91
26 68
1 44
97 59
58 79
60 45
3 69
66 71
97 58
47 97
66 70
80 14
59 62
6 9
23 47
19 42
9 62
86 13
22 49
31 77
72 93
29 71
4 40
3 35
83 13
49 7
39 9
17 76
17 84
94 82
12 5
68 80
8 34
32 34
95 32
49 92
96 21
50 92
95 11
98 28
77 84
34 74
72 98
70 67
33 41
19 21
19 10
78 29
47 59
65 25
42 32
90 18
90 80
64 12
57 97
58 84
98 12
5 38
70 52
9 77
42 52
11 100
26 7
6 18
69 64
64 8
46 47
86 14
98 94
22 67
74 7
51 24
16 13
46 8
5 84
64 5
34 78
12 86
51 32
67 88
39 82
49 41
98 30
33 87
51 94
88 93
66 72
42 49
53 70
21 54
85 26
26 34
79 91
73 79
83 12
37 97
41 88
24 11
59 95
84 99
67 21
70 23
89 81
22 73
22 47
35 13
53 1
16 30
74 30
59 46
46 63
93 87
43 99
34 6
25 10
59 21
48 54
89 23
34 13
11 62
83 81
7 26
59 89
81 44
67 79
77 21
68 31
98 80
37 35
70 46
28 2
68 9
87 78
40 58
34 73
58 63
87 80
33 23
53 99
29 36
90 95
83 35
81 9
16 82
31 95
33 47
3 56
85 3
59 56
67 93
53 89
6 71
72 27
90 78
56 59
33 54
31 78
5 84
84 24
4 12
88 47
38 29
92 12
77 87
62 21
91 90
27 8
91 68
24 47
93 53
91 20
91 26
61 31
56 32
82 54
81 41
57 36
9 76
77 1
46 17
43 47
28 42
14 13
20 72
10 50
88 27
30 96
42 67
23 40
15 3
91 55
6 82
50 100
11 79
71 61
12 59
35 55
31 57
33 82
56 73
14 99
41 83
71 56
20 5
39 66
27 32
78 21
59 76
42 85
1 27
82 35
52 4
20 10
81 74
75 67
79 62
60 66
20 77
32 50
59 74
79 39
30 61
11 55
55 51
76 44
93 81
23 39
42 15
65 35
94 44
85 44
59 60
12 14
23 93
24 35
49 6
67 83
75 65
21 57
60 82
92 55
5 36
36 5
42 97
82 24
54 1
77 69
50 95
15 35
26 2
19 81
25 44
71 91
16 76
33 75
84 14
39 95
63 77
24 50
35 29
59 32
49 41
90 46
93 34
55 93
7 36
18 13
46 68
100 49
39 52
34 38
64 71
76 45
61 80
19 100
90 64
65 15
34 17
92 99
84 18
35 12
41 48
52 4
93 72
13 15
73 74
40 92
20 80
44 43
64 8
82 69
63 93
79 61
7 73
48 64
35 30
28 52
79 18
9 36
62 81
10 7
77 81
59 66
59 46
89 99
3 21
100 51
94 85
90 58
30 40
45 26
81 27
60 37
74 13
10 47
73 2
72 83
85 35
100 68
11 76
9 88
84 32
21 56
79 48
68 59
36 10
72 55
76 4
30 23
46 94
34 56
61 13
21 58
99 20
26 95
43 13
26 11
92 14
28 33
39 33
94 3
18 35
86 77
21 94
20 30
28 84
24 49
65 85
21 42
8 16
67 59
18 23
17 85
87 8
48 79
92 26
60 65
45 23
92 1
44 79
60 82
6 76
68 22
42 96
100 70
35 32
26 55
97 82
27 11
23 57
70 12
99 84
22 76
82 44
94 66
66 42
10 68
13 20
75 30
72 2
63 74
96 65
6 12
59 95
99 44
15 10
7 17
90 69
1000
11 64
41 83
57 25
11 95
22 62
88 63
93 22
67 57
37 71
43 83
58 31
29 50
29 95
87 81
11 73
27 63
49 28
47 90
89 94
35 70
99 77
44 17
5 69
36 32
67 81
9 86
40 35
90 83
29 49
44 16
98 82
97 61
74 9
67 51
62 40
55 11
99 3
8 62
32 4
46 47
53 31
33 42
42 73
23 14
66 66
1 94
92 33
49 39
11 55
85 13
88 92
46 78
96 36
84 11
66 46
61 37
79 21
36 83
61 53
67 79
25 9
18 58
16 12
26 56
40 20
58 59
10 65
81 47
87 12
88 38
99 40
37 88
53 65
49 74
29 34
26 62
46 86
35 54
68 91
68 90
92 3
25 35
49 4
91 78
56 6
49 56
95 54
63 31
99 40
16 9
45 73
64 96
89 46
1 89
10 66
8 64
53 38
98 56
89 73
40 11
70 38
70 37
53 15
18 82
28 73
89 85
51 45
6 95
33 9
76 71
10 59
40 86
25 38
6 98
54 27
48 3
87 65
3 58
42 4
79 74
37 94
1 99
17 55
39 24
44 3
34 8
42 81
22 45
37 18
19 41
36 14
36 92
81 87
77 89
71 96
81 85
46 75
31 41
24 58
11 64
72 30
93 72
13 70
6 43
97 39
56 93
98 40
15 100
13 43
63 4
77 56
92 12
91 61
31 73
84 39
67 9
90 69
80 67
30 82
35 37
69 64
74 62
5 98
57 29
99 78
13 73
11 3
36 99
32 40
38 17
48 38
42 37
22 2
4 97
10 71
53 27
72 2
47 24
94 7
67 65
75 15
92 34
20 86
70 7
76 35
27 67
38 86
4 42
47 85
15 98
37 42
60 66
76 32
94 51
34 8
8 10
60 15
71 22
55 73
77 46
88 83
90 10
76 3
14 34
63 88
11 6
95 62
53 20
71 43
75 15
36 72
36 14
96 13
38 69
37 91
33 5
52 23
59 33
55 3
59 36
20 44
68 22
43 16
59 7
66 95
31 57
11 85
71 44
77 18
90 78
26 56
79 61
72 40
83 94
39 19
59 56
55 4
36 76
7 55
30 89
93 91
81 43
38 31
98 12
84 14
1 47
14 77
14 69
36 54
18 76
92 82
90 49
28 17
82 1
81 13
15 84
99 8
53 79
70 15
89 50
17 56
94 7
69 22
2 100
88 96
66 99
85 6
61 21
79 82
79 98
66 18
57 19
22 61
56 63
95 33
50 38
63 44
30 22
22 10
100 76
23 34
73 47
92 31
72 91
39 65
84 26
98 87
92 5
84 75
9 65
37 36
79 4
28 84
55 88
10 90
91 100
58 17
98 36
19 26
85 31
26 74
94 48
48 96
52 72
26 81
76 47
87 37
35 24
6 85
88 34
9 98
23 24
61 93
77 83
11 11
94 58
42 58
21 58
26 12
34 95
80 20
66 79
11 35
10 58
42 70
97 86
95 29
4 48
20 89
27 34
20 33
82 6
44 77
83 19
42 24
26 34
57 68
66 56
43 91
85 50
4 97
91 37
80 35
3 56
78 6
39 70
93 60
65 24
72 90
50 18
45 11
10 97
63 80
76 6
84 53
71 88
76 2
61 11
15 57
19 80
29 47
50 35
88 58
84 44
57 6
65 17
19 46
32 72
16 17
37 93
74 92
9 81
65 58
72 69
53 31
9 68
23 97
42 10
95 40
10 83
49 68
85 39
20 25
31 99
93 46
4 9
56 72
65 15
60 49
2 29
82 12
27 84
25 76
45 69
75 53
39 67
14 29
77 40
3 31
75 66
54 8
45 82
44 51
37 64
78 30
9 85
30 81
24 72
91 79
63 90
92 59
68 46
9 49
85 72
65 8
61 78
79 54
36 4
84 2
81 46
12 66
29 19
57 77
41 96
28 42
10 80
13 50
16 10
74 95
69 59
34 57
12 53
3 73
66 99
97 64
47 31
17 92
72 89
63 29
84 33
30 43
84 46
76 39
99 5
72 39
30 18
78 2
49 92
48 28
70 23
71 26
85 69
64 21
96 78
83 89
84 73
11 31
56 94
19 34
62 89
49 34
79 35
1 90
82 12
84 24
60 32
98 43
35 62
8 4
4 38
54 68
5 26
36 65
47 31
55 26
44 4
7 32
45 27
43 62
89 47
40 73
93 15
5 53
67 25
62 2
45 85
52 67
36 82
61 11
16 25
60 4
77 41
67 64
26 43
11 46
74 79
96 26
36 90
58 20
79 22
90 47
42 34
21 9
92 15
58 5
71 80
54 43
26 4
69 67
40 33
86 29
99 71
83 44
70 10
23 33
62 1
8 78
99 35
76 78
53 79
18 64
33 64
53 12
46 17
73 17
47 43
52 87
58 2
23 26
17 28
73 72
73 58
88 80
64 35
67 80
60 12
90 8
96 13
48 67
53 48
26 100
13 87
93 57
6 2
86 13
83 27
79 40
27 37
17 4
30 79
16 77
47 1
71 28
71 59
96 23
63 85
61 75
24 43
65 31
60 82
33 20
47 22
87 30
32 34
72 15
36 45
44 57
13 46
46 96
75 34
61 52
17 28
99 8
40 89
59 56
95 34
8 36
70 95
43 94
28 57
85 48
31 10
47 65
79 67
90 86
42 2
7 87
50 97
78 72
63 3
4 41
83 34
11 57
19 93
33 6
48 98
72 48
74 50
21 69
67 96
58 15
47 27
69 12
59 56
22 14
79 92
32 13
92 6
25 86
78 63
39 33
87 65
33 30
73 42
97 28
56 49
97 6
10 38
53 6
2 90
81 23
15 64
11 97
51 58
23 100
8 83
85 29
1 15
23 24
8 24
80 58
91 90
4 57
32 97
65 70
69 25
85 58
12 27
45 37
47 10
29 50
44 96
33 11
75 18
88 23
12 37
10 1
74 67
99 72
56 30
82 95
72 78
51 92
85 21
41 68
69 70
55 61
70 14
77 46
20 63
54 69
56 54
95 86
4 8
50 32
2 95
20 66
21 78
87 32
30 14
45 82
92 22
65 100
14 45
83 30
44 55
2 10
56 46
47 36
74 58
49 21
7 86
63 23
90 36
17 63
55 46
35 64
92 71
43 72
17 30
53 85
84 45
67 65
13 12
81 97
74 11
7 66
14 26
30 29
43 75
85 77
45 85
96 22
37 99
24 92
26 7
24 17
67 32
39 63
29 26
83 69
51 76
53 68
11 2
10 5
6 9
22 37
63 67
80 19
60 76
33 13
6 49
7 26
53 70
56 72
95 87
75 49
17 78
40 34
35 40
99 98
5 61
14 16
17 93
78 80
16 16
14 31
95 96
12 37
95 22
47 35
4 63
14 21
13 91
33 81
96 23
93 9
87 2
95 93
28 93
83 49
93 53
31 81
47 17
53 65
8 72
60 68
34 49
28 56
38 73
27 64
89 75
56 65
33 26
58 57
59 37
92 96
8 97
63 40
90 46
83 48
32 47
95 28
4 15
48 91
20 59
29 80
11 44
60 51
50 68
46 99
86 83
35 16
68 82
84 91
98 21
54 15
7 29
72 47
79 88
76 45
51 72
34 65
12 50
40 6
70 16
89 56
30 33
16 27
77 19
80 91
25 72
58 52
66 13
30 64
2 65
14 99
16 14
59 98
83 41
9 63
57 74
37 4
90 13
41 70
3 100
28 71
35 1
55 71
100 76
31 24
61 40
71 24
95 72
72 64
61 33
11 46
4 58
27 58
42 85
16 44
71 36
24 72
70 39
8 40
66 76
17 78
88 42
55 81
94 46
97 54
60 42
26 66
62 5
47 6
75 8
23 74
72 53
16 38
16 81
18 82
47 90
24 23
96 95
81 90
19 52
41 69
6 81
42 28
12 61
41 50
56 42
8 39
55 58
71 88
40 61
21 13
87 42
6 59
4 60
31 90
65 90
66 48
71 60
78 91
28 95
5 23
61 10
56 12
31 43
78 19
51 70
57 6
58 5
98 93
80 91
59 18
25 8
86 40
1 24
59 8
16 19
18 40
47 38
54 52
8 45
13 30
4 72
34 93
97 33
95 41
37 13
86 61
53 34
2 33
94 54
45 54
40 98
85 19
16 13
28 12
18 86
36 30
31 23
99 93
31 99
6 93
98 15
72 36
31 84
70 54
54 21
36 30
27 42
26 20
79 23
36 4
26 3
27 34
44 19
1 19
84 56
99 78
63 84
81 46
3 83
29 7
95 36
64 23
96 13
85 76
93 25
11 59
23 80
22 99
32 48
24 38
77 39
90 35
13 39
8 88
40 9
73 70
47 5
100 19
66 90
54 31
28 1
85 70
93 22
72 56
62 35
92 43
53 99
18 41
71 34
91 14
42 55
84 24
18 67
50 83
78 28
16 96
95 4
30 16
85 11
86 42
47 2
29 85
24 38
41 15
73 20
100 35
1 30
27 64
90 61
24 81
42 5
36 28
54 18
17 38
38 13
24 37
41 2
62 5
23 3
1 83
100 45
12 51
10 56
