100
200
42 68
35 1
70 25
79 59
63 65
6 46
82 28
62 92
96 43
28 37
92 5
3 54
93 83
22 17
19 96
48 27
72 39
70 13
68 100
36 95
4 12
23 34
74 65
42 12
54 69
48 45
63 58
38 60
24 42
30 79
17 36
91 43
89 7
41 43
65 49
47 6
91 30
71 51
7 2
94 49
30 24
85 55
57 41
67 77
32 9
45 40
27 24
38 39
19 83
30 42
34 16
40 59
5 31
78 7
74 87
22 46
25 73
71 30
78 74
98 13
87 91
62 37
56 68
56 75
32 53
42 25
67 31
8 92
8 38
58 88
54 84
46 10
10 59
22 89
23 47
7 31
14 69
1 92
63 56
11 60
25 38
49 84
96 42
3 51
92 37
75 21
97 22
49 100
69 85
82 35
54 100
19 39
1 89
28 68
29 94
49 84
8 22
11 18
14 15
10 17
36 52
1 50
20 57
99 4
25 9
45 10
90 3
96 86
94 44
24 88
15 4
49 1
59 19
81 97
99 82
90 99
10 58
73 23
39 93
39 80
91 58
59 92
16 89
57 12
3 35
73 56
29 47
63 87
76 34
70 43
45 17
82 99
23 52
22 100
58 77
93 90
76 13
1 11
4 70
62 89
2 90
56 24
3 86
83 86
89 27
18 58
70 55
22 90
77 30
69 93
26 56
35 50
42 13
46 61
19 54
40 24
80 97
88 30
50 38
67 50
94 96
98 17
87 6
89 83
56 35
15 2
17 72
87 64
14 56
86 54
13 9
33 46
14 57
22 59
47 83
82 45
97 23
30 62
36 51
74 67
45 60
93 40
54 25
55 11
46 50
87 14
75 23
69 19
88 6
59 92
3 26
78 15
15 25
35 75
73 60
34 71
88 98
19 78
74 71
64 69
200
3 81
28 26
44 25
4 33
6 94
26 32
36 34
12 61
41 95
20 26
79 94
52 85
20 53
61 27
44 59
66 88
30 29
3 63
31 27
12 72
12 48
41 52
66 8
61 29
12 5
36 57
57 17
30 66
60 33
54 63
12 36
68 49
42 76
60 26
51 99
57 94
43 63
12 78
53 44
41 14
18 33
13 96
70 32
41 89
52 41
36 60
68 42
71 29
28 85
88 48
5 4
20 14
19 33
51 6
99 48
14 76
70 63
20 86
66 41
53 88
16 66
44 38
9 61
50 44
31 21
37 84
36 27
12 26
43 97
5 6
76 94
66 37
37 42
57 53
37 39
16 32
31 42
17 53
9 63
10 29
1 81
51 56
44 10
32 70
9 20
5 93
9 62
60 94
31 40
13 89
52 42
78 33
57 90
51 99
10 94
87 81
68 29
41 87
22 63
46 63
24 32
37 31
91 94
97 53
9 49
92 13
32 15
96 53
60 99
3 8
53 49
16 76
37 98
21 41
61 48
22 76
16 29
58 63
31 24
51 34
92 50
36 6
9 69
53 74
53 95
75 20
44 12
20 66
59 32
11 53
61 75
23 48
95 51
44 55
9 16
9 24
60 35
5 87
20 59
68 93
88 33
57 75
84 23
32 77
84 49
21 12
44 35
9 46
9 86
44 14
51 50
66 68
14 94
43 11
71 29
52 59
84 87
43 11
73 29
68 66
66 76
31 49
83 29
53 70
9 53
48 33
36 9
44 50
13 49
92 1
98 20
32 45
41 88
100 26
84 39
93 94
53 12
61 35
41 98
41 6
92 93
74 94
21 98
60 50
68 9
71 8
20 62
57 91
17 33
53 42
61 16
5 100
37 81
99 33
41 18
85 66
73 44
92 74
52 87
47 94
