100
3 3 1 3 4 1 3 4 2 1 3 3 3 3 4 5 1 5 2 1 3 7 3 6 7 3 7 3 6 7 3 7 3 6 7 3 7 3 6 7 5 1 5 2 1 5 1 5 2 1 5 1 5 2 1 5 1 5 2 1 2 6 2 5 6 2 6 2 5 6 2 6 2 5 6 2 6 2 5 6 5 1 5 2 1 5 1 5 2 1 5 1 5 2 1 5 1 5 2 1 
100
26 28
58 59
5 5
1 1
31 34
39 40
56 59
43 47
1 1
36 36
66 69
72 75
28 31
69 69
51 53
1 1
3 4
31 35
59 59
79 79
76 80
26 26
59 61
54 57
50 51
87 87
18 22
6 10
46 48
5 5
1 2
50 53
10 13
59 59
36 36
6 7
70 71
73 74
66 69
61 63
78 78
1 1
1 3
66 66
93 93
1 4
76 78
62 62
13 15
21 25
76 79
1 1
9 9
10 14
11 11
76 78
72 73
54 57
40 41
4 4
28 28
7 7
39 39
53 54
28 28
6 6
76 77
37 38
8 12
72 73
41 42
43 43
90 90
42 46
1 2
56 56
50 50
35 36
16 17
85 87
66 69
51 55
3 6
79 82
29 29
85 88
71 71
65 67
61 64
69 70
3 4
60 60
77 77
33 35
64 64
69 71
88 92
26 26
48 48
77 78
