100
1 2 1 10 9 10 8 9 4 4 13 12 13 4 5 4 6 5 10 10 1 2 1 10 9 10 8 9 4 4 14 13 14 5 6 5 7 6 11 11 1 2 1 10 9 10 8 9 4 4 11 10 11 2 3 2 4 3 8 8 1 2 1 10 9 10 8 9 4 4 16 15 16 7 8 7 9 8 13 13 1 2 1 10 9 10 8 9 4 4 17 16 17 8 9 8 10 9 14 14 
100
13 13
33 33
29 29
79 87
1 2
8 8
37 43
19 22
72 79
67 70
63 63
43 43
31 39
73 81
11 14
61 61
1 5
31 35
65 65
55 60
44 44
61 61
26 28
33 37
1 1
13 21
46 48
87 91
83 83
67 68
1 3
25 30
51 51
39 39
1 7
1 3
11 19
52 56
19 23
71 79
31 35
55 61
19 21
3 3
44 52
33 33
80 88
37 39
59 59
1 6
11 19
56 56
20 20
49 53
22 28
76 76
19 23
49 49
37 41
81 81
45 45
46 48
37 42
53 54
53 59
46 50
61 66
47 51
21 28
22 22
57 57
61 67
30 32
19 20
49 55
80 80
33 38
55 63
31 35
35 38
61 65
13 16
53 59
20 24
43 51
31 40
41 41
5 5
81 89
19 21
57 62
67 72
18 22
66 68
1 1
76 76
84 84
10 11
70 77
28 30
