200
206555514 104000909
220660982 108031966
252958688 112028043
279481262 116009926
260046164 120030515
234984928 124010247
283608322 128013004
224310240 132012165
220097024 136018001
252463152 140011388
270457376 144027985
256655900 148001058
234671528 152019347
202075925 156028392
236351160 160027989
278653034 164021151
283565199 168006196
272862712 172001521
229697700 176007207
241290024 180007902
260515996 184013847
244376414 188004428
271938252 192024042
209084060 196017352
265433465 200006184
284079845 204012292
203817675 208010120
201700807 212029116
236549375 216021749
241945766 220008710
213746564 224001271
200383542 228022074
285314372 232001927
247061876 236024817
296318176 240002991
224617804 244022736
218424337 248029318
275374157 252015388
219935356 256030058
290724215 260006468
269987896 264016780
201046110 268017383
230598080 272024350
247751216 276006914
216790338 280001225
277902919 284004165
235553504 288026680
201502976 292018887
237455066 296017111
300000000 1000000000
302519501 921438321
305016530 920611325
307504285 977444496
310003578 998204039
312511057 976164752
315013706 937755490
317508717 942263250
320019326 956312480
322522335 943160097
325008859 983445966
327529264 905998944
330001768 994553110
332501966 959272250
335017410 947170640
337529169 981955921
340016624 988976576
342513153 914729152
345014721 921027975
347509523 931505002
350024986 971861632
352501839 919043380
355006398 938648684
357532188 974687728
360022132 994846450
362501423 929851968
365010075 908460499
367511106 979804984
370007437 918353404
372515239 951843860
375021399 954357760
377528724 925573738
380030136 973832957
382514037 934274717
385020518 974181988
387517355 973035433
390014978 965796750
392510591 993558769
395026252 964377068
397520946 986393676
400005744 931901822
402526072 951371156
405024896 998934130
407508148 923683699
410006397 930304270
412508627 986989007
415010174 952613077
417526180 905409082
420025042 979385362
422510316 937313376
800000000 900000000
844619824 296016909
871531168 292011469
835990925 288009434
848983120 284007960
808550416 280007578
840335915 276002395
826538046 272010503
846893990 268010648
898269405 264023737
831795439 260004860
820666754 256017468
886821629 252012629
873743809 248006715
839014220 244025057
826654004 240015580
834767320 236014839
865352888 232026792
843884368 228026937
808411040 224018321
807179920 220026702
834950240 216018932
819872452 212009818
835790666 208007595
897448308 204030373
827351234 200031619
896446392 196027955
810967008 192032189
809002112 188029766
867645334 184021087
895091570 180032241
853694218 176029306
811423855 172007245
879544756 168009144
822790147 164020464
857536176 160031692
837597820 156020400
808821284 152030108
856387920 148015844
831167416 144030262
823737127 140032398
828176538 136029686
806073920 132032583
826349356 128023659
834505328 124003256
893998765 120026060
832439184 116006916
897701365 112016174
807529568 108032125
894794990 104007860
800000000 100000000
196028196 9561980
192017522 54310721
188001621 20923734
184014713 92791631
180018194 833393
176004465 40150209
172023862 73196993
168026918 38143269
164030329 92925855
160028337 59654868
156023658 50609054
152029754 51150001
148015842 45892495
144030399 18828541
140002368 7911707
136023774 3518321
132018639 15434308
128005654 31576651
124024607 4420429
120015613 17287763
116009283 6759713
112032600 72390592
108025131 37850641
104025888 95090997
100019857 1473521
96011214 30333361
92022584 72976401
88023948 56070203
84025704 93054666
80009245 81446861
76030451 19889577
72009625 68349453
68019487 52570596
64003402 68429295
60020557 1847321
56019796 68096299
52018493 7144633
48013808 53323545
44015915 52440359
40017752 2380969
36024651 87825652
32008128 4285431
28012876 13195026
24000233 20523005
20005853 69796289
16016696 5077225
12006010 686665
8018002 52916201
4016350 3630001
0 1
400
58139105 1
60037772 2
30532350 3
29404672 4
17542910 5
13771989 6
8062208 7
43146432 8
87548097 9
12792330 10
39368270 11
96647056 12
37652263 13
81115750 14
16693970 15
43496990 16
40985295 17
11034856 18
56906970 19
4611680 20
26944552 21
49525155 22
31787572 23
20340080 24
52319650 25
16485625 26
53170160 27
72223186 28
92444630 29
79035900 30
59786675 31
23337220 32
81519819 33
1370315 34
57077528 35
54644040 36
14650390 37
31624309 38
99454070 39
29287888 40
12272544 41
70072000 42
14955695 43
91330280 44
87717750 45
51331464 46
63232364 47
84477648 48
32722200 49
41519360 50
71054060 51
88056040 52
16736036 53
97814794 54
3888397 55
34818336 56
33491523 57
16984242 58
23570650 59
41628115 60
39195716 61
34228645 62
17293574 63
94098079 64
30176782 65
12575956 66
46734986 67
39808841 68
23205589 69
74337300 70
80915427 71
3318016 72
68322739 73
14992486 74
33161230 75
44152157 76
96888524 77
42170873 78
39966732 79
32578014 80
98407197 81
29849826 82
13374504 83
68194891 84
42113856 85
42611084 86
9259620 87
28169506 88
19649842 89
73096160 90
88527623 91
56334440 92
85022570 93
2260467 94
53695989 95
48981720 96
93468884 97
25323165 98
92337200 99
85203066 100
50917468 101
97940250 102
99624371 103
17883696 104
44858598 105
78247120 106
86449184 107
83689200 108
45759640 109
92545782 110
57725136 111
97101800 112
97969942 113
955271 114
1616296 115
43325604 116
21654076 117
9238965 118
42671456 119
72945480 120
58627797 121
74761808 122
9968465 123
86245315 124
8157408 125
77911867 126
30003664 127
40227969 128
26266136 129
26224800 130
1348333 131
25903178 132
78058649 133
23964200 134
37351385 135
53576012 136
55566595 137
46445348 138
9798848 139
96635167 140
14579994 141
34811109 142
69929573 143
19084924 144
32508333 145
10523606 146
51441950 147
85693072 148
22282954 149
11823765 150
13940484 151
58891829 152
74134423 153
10334794 154
69646598 155
80218031 156
68713932 157
71371736 158
46612784 159
2837295 160
30414416 161
92852318 162
6179384 163
31603968 164
4548500 165
6410671 166
90719566 167
16754380 168
22962968 169
3690344 170
69256844 171
43430560 172
28821920 173
94997005 174
55491208 175
61796142 176
4878484 177
64303130 178
26083405 179
37064291 180
96537288 181
13013270 182
58334970 183
54830527 184
77596640 185
72355892 186
70557186 187
80594184 188
5924616 189
59455368 190
71169616 191
90972440 192
10581896 193
6505560 194
22334250 195
89382600 196
46464102 197
51000775 198
34512272 199
35929430 200
989325744 200
994963932 199
917424552 198
960608240 197
990655750 196
980883668 195
967071600 194
982492974 193
962824005 192
946579475 191
990735718 190
907588320 189
995479984 188
943213808 187
912644368 186
932255260 185
961855672 184
955397000 183
956633622 182
944131060 181
980725408 180
999896341 179
953092050 178
946433832 177
992006374 176
953108554 175
928512104 174
940855400 173
995186320 172
929176715 171
923865770 170
970656350 169
931122436 168
961535792 167
926691163 166
972164050 165
919350292 164
979414824 163
944620180 162
993144215 161
998865076 160
982039852 159
995013025 158
914993759 157
995019960 156
948940306 155
953804484 154
917409809 153
992375444 152
966242770 151
945667099 150
920515524 149
911860891 148
983212470 147
988343430 146
937052160 145
935676416 144
982681320 143
932407528 142
989652026 141
965005587 140
983091328 139
993070462 138
960185125 137
966709784 136
998700220 135
945795971 134
933621140 133
944826444 132
997421000 131
986185568 130
969090583 129
987767100 128
960471940 127
963727994 126
981982412 125
972338075 124
991606084 123
919732011 122
947575129 121
903123861 120
946536170 119
987539541 118
932778095 117
935508332 116
949654280 115
995849222 114
940725637 113
937724084 112
981338963 111
987273552 110
970543061 109
904540672 108
920707960 107
995220102 106
981948118 105
932193820 104
972495680 103
979760640 102
988808540 101
998477804 100
907690384 99
989082247 98
915972160 97
966279690 96
926327822 95
940893248 94
900881000 93
905065472 92
995502765 91
901353769 90
920276846 89
976490977 88
996653689 87
962005331 86
990470895 85
969513819 84
983173364 83
915820128 82
986347757 81
930858400 80
995833579 79
917329712 78
913802576 77
970404070 76
964110468 75
998485058 74
976335032 73
943020600 72
959019424 71
906093282 70
978213606 69
982307584 68
974568758 67
911454496 66
976104642 65
930584990 64
963644599 63
918529784 62
930503964 61
953238030 60
961763797 59
994065228 58
908812420 57
950100632 56
979239333 55
932468316 54
936483625 53
945028704 52
937264949 51
962493592 50
967931000 49
956956286 48
927381321 47
914277587 46
986717044 45
981043569 44
921579520 43
980246624 42
939675736 41
959128678 40
998625016 39
939024796 38
948438004 37
964772375 36
938602502 35
952410736 34
951374113 33
991374938 32
960694015 31
978857808 30
922933440 29
971780896 28
986503000 27
937731630 26
912569268 25
943158850 24
932429875 23
974415476 22
977350870 21
943853777 20
996069922 19
990125546 18
949373276 17
943549098 16
998063272 15
979430000 14
942320026 13
960275280 12
935185088 11
963554212 10
916575953 9
986604784 8
949983150 7
904769558 6
964327335 5
989706103 4
969501440 3
997576208 2
969403998 1
600
88186010 182365
86776840 353615
30313436 510131
80955714 680993
19834056 842454
49511899 1020389
69487978 1169166
62658445 1349066
33821711 1501567
74648134 1687999
25914190 1848211
35933520 2011187
78617801 2182951
98478835 2350931
79751404 2527619
62154275 2686267
48772456 2834555
21213808 3028442
45946048 3167827
70514045 3350130
52631280 3506493
5145941 3679231
24425677 3854725
53992750 4028649
24965319 4167110
33886813 4338635
2135252 4507333
73576114 4682811
19251218 4861118
17600135 5030864
32358656 5187143
22006037 5363932
43472298 5520665
44114095 5680532
30576915 5836639
26910794 6019488
46752664 6198357
46322000 6362432
34415102 6519137
30314164 6689934
1358150 6836465
66534556 7032456
49992225 7184058
9296208 7345893
46684864 7505200
24679610 7668445
94693135 7865935
45478152 8007791
17246122 8191503
65029824 8357073
9005362 8505109
21331941 8692229
33142790 8841859
46997313 9010378
471903 9167345
27281470 9335650
9069200 9527031
585455 9689834
84289000 9850321
84365000 10026028
198723 10187012
34045900 10336829
6795424 10523147
77026760 10677312
2692116 10839922
60171251 11018531
82813440 11176692
62376682 11362108
27074660 11516527
19774199 11684608
1968023 11842756
96495440 12011346
76522045 12181517
29770130 12347170
78835832 12523689
20754540 12696395
94876555 12853505
18381161 13007090
19092088 13187113
87643782 13333465
98842646 13529498
1656806 13682014
36924160 13865660
31941206 14025761
42154700 14191359
75734061 14350726
79156194 14524841
33236250 14686600
21363992 14860461
46286149 15005348
45606851 15197729
59655222 15355581
45837562 15519279
98027994 15691585
3424288 15852953
32252582 16014854
93903328 16193822
32054056 16335253
37725670 16527468
9172658 16694991
35726432 16851804
58959520 17021757
46597120 17190576
7497460 17365615
11630073 17508748
62526565 17674788
35666264 17837911
16588150 18007101
35346214 18196948
46030828 18357931
96697718 18511242
88461972 18686162
52433120 18861782
84323850 19014426
84961495 19185729
71127850 19343520
52591504 19528427
33912278 19672139
18405344 19843110
5860026 20001203
97914080 20180897
63903891 20354963
92160974 20508588
68842888 20671685
45034420 20860279
47735372 21006836
25167371 21176682
35390290 21348744
9449582 21522391
49790096 21685377
65109140 21862588
17245206 22017583
13532790 22194516
9831120 22348304
13138760 22507676
74196112 22670909
85524232 22840356
19839040 23013926
64615829 23172285
69935018 23334034
61042953 23505632
46835878 23684383
17065620 23851241
49327888 24020146
9945408 24186234
53337301 24354204
34141608 24509084
45967407 24684376
46555400 24860286
69061412 25017137
26212320 25194720
52286187 25359930
18770882 25519244
16746786 25698895
29605000 25849450
92024290 26020638
54214874 26180628
30524720 26363246
39706052 26520053
91049532 26680860
76497139 26848596
86202756 27014015
27620248 27197662
67325440 27342645
50362906 27503247
45647072 27676560
95570865 27863041
82209422 28006164
49012990 28183183
25648314 28351937
37671438 28516050
49151595 28680995
44827224 28848988
95677610 29020518
89852380 29180095
22346135 29352145
88312560 29518141
24963995 29689980
60865352 29855940
86316327 30002210
51440828 30195183
55067755 30335057
64976686 30513998
42894650 30676343
38633396 30858276
94618565 31018862
19568808 31197780
37115132 31363742
1943238 31517503
19279904 31682760
16304525 31836083
57943618 32010012
4340096 32180045
57429689 32353319
56272064 32524746
73357760 32696249
18620374 32835909
43590672 33023958
15565022 33187414
30773060 33348940
23992542 33528707
36471907 33697675
1796078 33834895
18497169 34032328
17498928 34199170
98864760 34339992
90290808 34529155
62213001 34695815
42661080 34857433
77496227 35031891
95438287 35190193
88718905 35362517
28597212 35509624
54948554 35678658
7088794 35859177
24069320 36024768
79917376 36198179
18900180 36350858
99132410 36507490
1018718 36675614
82377263 36843566
5818238 37023513
95401924 37168924
24317420 37364702
17812275 37508986
32425232 37691410
8470436 37845112
6822214 38019474
14795256 38185903
8092288 38347513
52802176 38502676
61500632 38673725
30960236 38853050
44479308 39015966
96058278 39169260
25026422 39352921
25076800 39529353
25237664 39687118
41051319 39857070
91536026 40028971
2546000 40188677
19859516 40346040
14052344 40517724
5849900 40680267
28445399 40846672
60080810 41007517
40752752 41183016
44225536 41345390
52427045 41523776
97922732 41686843
51964424 41840011
756480 42009717
80437278 42198042
47097462 42350458
11158225 42522791
73897324 42672059
94641330 42845075
84755704 43005143
15591870 43169247
87254336 43365018
50392340 43514883
92222464 43674897
73547944 43856307
66046240 44017470
63205140 44182507
95444398 44358674
11453104 44503264
61043692 44686510
77484130 44846505
31547902 45013023
41631019 45180855
47842654 45359127
94120480 45513849
34328441 45685571
74634170 45853629
29813018 46014810
3112158 46184879
4100942 46351864
2929920 46529412
40815825 46673624
18179709 46837298
51330 47007511
64500430 47167688
33176318 47334525
35097078 47522876
11977024 47699202
8252674 47861965
65146985 48019978
62014580 48182608
55309844 48358415
52904016 48516855
52322660 48667815
98656701 48851066
67979319 49006134
6649182 49190314
96887850 49348520
43511330 49528014
15869491 49668094
89709405 49863012
5638842 50024606
33844932 50191386
34062098 50339492
66520368 50510359
43255080 50690721
26552527 50852333
16496960 51026829
67727675 51189451
17865632 51340507
34096000 51503821
92423324 51681517
20384181 51836788
61108000 52009048
66177154 52191155
3580126 52347832
10170117 52504849
23986418 52697356
24289954 52859338
80874508 53012169
37993336 53176325
11898425 53362213
421310 53500521
89412728 53672784
32208460 53851321
23623840 54007186
96033438 54190925
85653598 54346369
76923054 54505074
42330050 54697683
28139454 54852378
59829700 55006330
51235875 55185519
68028046 55339266
75789977 55507476
6254200 55693428
30136636 55848262
27590655 56025122
68110998 56175385
85735900 56334893
68848910 56525951
48125444 56677798
82432512 56849634
17385800 57004180
418938 57167473
68004616 57348164
38914543 57524090
73776440 57698741
50862000 57842269
3623109 58027771
50757342 58184190
21483052 58335207
17627572 58514120
85365890 58682210
60119856 58860694
88325656 59022388
2604690 59178013
89800835 59344691
78330552 59531955
31027304 59673097
11578486 59859330
48229120 60027159
51023354 60168585
75186751 60358686
62491530 60515321
76015568 60681394
61522634 60837583
22176752 61008551
10449504 61190075
73829000 61360625
5530490 61504437
82444805 61694651
44758060 61840337
14442164 62027667
78788072 62171174
90321384 62365443
26646410 62511091
45422528 62684405
96781675 62857791
11941475 63007143
18794470 63179940
13978992 63334178
87730219 63507982
99139504 63686517
79608480 63850893
24006525 64025882
52314766 64178575
77824704 64339027
98814750 64511514
20420534 64687969
56166244 64839907
31903772 65001702
62121808 65173587
67107208 65361611
32337161 65507026
81425812 65666435
32759768 65840636
11863030 66016902
13603736 66192771
80716807 66354773
15248952 66524143
4287402 66692456
13733236 66845562
68602420 67015887
47495068 67184568
62874813 67338874
45782703 67516625
20913596 67684948
17444691 67850097
66687442 68008131
6448644 68198586
849271 68339749
79410552 68527071
79602720 68671065
45064059 68842292
39098281 69023882
96365778 69187789
71599520 69337765
21232272 69518092
4029089 69674307
9345779 69842857
96822999 70025206
62246016 70179863
29084709 70352689
75833552 70525020
16672700 70689865
75776480 70849965
33682257 71023424
17967488 71191662
80617527 71357782
9652160 71519592
34784045 71676055
24726845 71864409
4798155 72012765
96811500 72189470
54407960 72360962
63275981 72521516
52027080 72671794
6876900 72836891
60912162 73018527
11514708 73192548
47923395 73339398
12518276 73504675
75052176 73686471
90858820 73836550
7766422 74007928
33277208 74166951
13733275 74342974
43613505 74518784
88438448 74690395
32387839 74862278
37616852 75003038
47897840 75172289
18457700 75357896
65567760 75519622
84560346 75686145
67526900 75852566
23194400 76030439
5763600 76197074
16026160 76348397
56972408 76509511
18819864 76696569
66833000 76863927
98622160 77019780
48616360 77184882
85565100 77343401
23498910 77511514
4247496 77682667
78846476 77856038
4140950 78001812
95516246 78182205
8560802 78361594
56150920 78506563
94237248 78695190
86571616 78849970
10327668 79025957
61445676 79168784
91605316 79360342
14945970 79528351
44395760 79677354
36559236 79863453
74454016 80022163
60786834 80178803
57734016 80354300
13408128 80509275
79358020 80668080
29159604 80860775
66085424 81000046
32649098 81186297
8298720 81333246
59099200 81499897
1008550 81679907
72805136 81842816
26193754 82006345
43975750 82174374
16542308 82340148
78719695 82517937
94331520 82670372
28339295 82837223
27142296 83020835
7467985 83169438
80591586 83350392
73790000 83505517
895600 83681919
78895925 83851399
6604026 84023882
73210860 84194719
18356640 84358360
38846134 84527862
96640426 84691660
53762875 84842836
42371280 85000165
57472788 85168669
7957159 85333927
42611448 85518284
85198016 85680371
78897910 85839726
41187262 86016646
76997148 86173172
4236456 86363025
16150388 86516348
13543236 86676198
31185418 86858459
34622010 87012473
13102722 87183889
10526975 87339036
13101460 87531630
1854482 87694784
61972812 87856015
24409952 88009382
87330600 88176763
19088352 88338496
57403540 88517771
78771950 88686774
24863565 88859108
86980638 89017925
19055549 89180839
73780264 89336315
70609712 89516579
130444 89672567
6033084 89861551
34752033 90011314
25405709 90191613
88133067 90355207
92591299 90505207
2979336 90689005
5692578 90850442
39008000 91020573
57943176 91191539
52325585 91346722
58996488 91525988
4177512 91684992
28264160 91858455
2729350 92003062
67418712 92193582
2617554 92362119
52616097 92501489
65164840 92694347
4917504 92853576
63728123 93015359
70884467 93184388
14070472 93340295
2018000 93524944
13017238 93685724
75378980 93835238
80224288 94026278
66643390 94197979
47162112 94347621
31516176 94507036
41003165 94673025
23221968 94843380
9924894 95011738
30003046 95192372
22644513 95342048
53491556 95525844
33381313 95693097
32824568 95838372
59914132 96016574
5338880 96195171
43675167 96337425
94509080 96503522
28168140 96680284
22631198 96858351
39168288 97012054
72993621 97188419
65526605 97352840
96689175 97509035
32094425 97668069
30735089 97839129
13269918 98019757
31827388 98190186
81325288 98336969
75245802 98513927
76889388 98672670
32131740 98861212
8143686 99003023
76362298 99196326
53940344 99364767
37007896 99510920
34513136 99686902
42529302 99834973
5542776 100005940
800
291661908 101020309
244085585 102012805
263660528 103012860
281880815 104031275
242429708 105016971
203797670 106010222
236740192 107027593
269109635 108003387
250256292 109000880
219200876 110022049
271551636 111013351
271260781 112006217
275127740 113014771
278310400 114024730
260017340 115022814
234713803 116031642
253740592 117021172
232101224 118017772
260705972 119021227
245352800 120005247
223759867 121032404
236699432 122024129
267060000 123027686
253543125 124006006
265291619 125032511
220588298 126006671
244877490 127031472
258525883 128006274
210450720 129005494
264133101 130027419
287434960 131005985
228375093 132024007
277905988 133007392
278121454 134009523
298374000 135031536
271283720 136022632
268939618 137006739
278091697 138018471
256977280 139030371
214975304 140024485
209927315 141020767
297652644 142029320
256432192 143009913
288563841 144002607
236536392 145009755
291177800 146030884
201597773 147022678
221735330 148016846
268566473 149024116
201148907 150023488
206095284 151017966
215106085 152027958
242645848 153001074
272831489 154007575
299987733 155006197
241138668 156019493
280927582 157000460
293608850 158011283
249907717 159022853
235436595 160025024
210018956 161014318
236260288 162024906
278449248 163018000
208142470 164002351
261965492 165008777
291272168 166021435
226002960 167010313
266223850 168004214
283010700 169021020
209200360 170029386
260333296 171008973
208697050 172030102
260190576 173019521
284337929 174011128
263663306 175009623
280942774 176008676
233836859 177005754
200250554 178004454
271837121 179026468
250727402 180016296
294320295 181032765
230709122 182018443
212107080 183007970
203825042 184001529
257759040 185028988
203947808 186010292
271559161 187024224
226377280 188005847
231867848 189020217
238683164 190023997
210521810 191016370
223806804 192019337
279958332 193015498
255642215 194031117
236820682 195020450
256607100 196002872
204069395 197018792
204199908 198013271
203205838 199024991
286909540 200001996
269589058 201022014
260920309 202023182
275343436 203014240
205792440 204032007
286511210 205015279
208637470 206010281
216795412 207011736
208196640 208019935
283453820 209001064
262814252 210032408
201219748 211020768
212742195 212007199
295446586 213015335
202726255 214017029
241794690 215004064
213589628 216013888
292566500 217011276
238327413 218021199
230660864 219028671
234182555 220030596
247454313 221001886
257839060 222022595
242421730 223030221
246438920 224030292
227906340 225022176
244193957 226027037
219098784 227010671
206177009 228007387
223223696 229012309
286182096 230016318
299121404 231025418
290720775 232002019
200864232 233001616
215452008 234030253
267980012 235020210
205982730 236018415
285518077 237006721
281076188 238005075
298084170 239020628
256571038 240024728
229703677 241023676
288997644 242022514
229253000 243013666
214521507 244008748
217495866 245018892
283719230 246001895
254008972 247024191
296932275 248014724
213287804 249003832
227412761 250013856
236388350 251020715
279262680 252004645
223833527 253032723
250694500 254018655
250299270 255022192
219009932 256026266
213906178 257011657
210936515 258011056
202383417 259007501
204652685 260006928
267994375 261010279
282122662 262030119
250047042 263032099
291384992 264015923
257413480 265014188
225388672 266000094
213904028 267022429
274350592 268019527
218932194 269005839
202603552 270007598
238634181 271013028
234955928 272004233
234196600 273000208
292562050 274031021
213519086 275001987
219335125 276016583
277409503 277005506
238977370 278022247
242157904 279025879
282999950 280012093
280309672 281026712
202178410 282011999
291732070 283023035
204054131 284011954
200738540 285016687
238110546 286024776
242009568 287020723
233863172 288001235
209669622 289023709
254634608 290031743
243616702 291018518
206846837 292001743
273568081 293014200
268917760 294022476
267726164 295005120
263978680 296015410
244483948 297012712
222402000 298030682
281672048 299005177
300000000 1000000000
300645606 966277632
301263164 912314544
301898797 917636899
302503497 991491804
303145128 996731840
303762963 973212060
304395003 997977973
305032489 974676786
305654048 971107568
306279056 918637604
306902572 931691558
307501843 954719075
308145984 975483974
308759442 986344978
309393366 965768968
310002113 970603240
310631348 943693976
311263260 961999516
311879454 942255024
312530172 936318884
313146915 998484058
313771524 939910909
314382873 908596576
315007087 957435772
315637926 988228482
316277725 904956580
316885478 917961744
317505712 928141972
318141321 908492270
318776353 940751945
319380744 974424004
320019339 943785896
320646464 908892625
321275298 987037735
321903624 910894072
322528145 925277014
323140268 907677376
323777842 989361172
324398155 959145815
325022433 972899840
325639054 976951396
326261905 909791148
326888752 938647020
327518517 944415260
328157003 995723660
328766103 932798688
329388910 998000480
330021167 937518638
330642913 916420000
331282593 949178880
331882155 979380373
332501220 979284057
333130025 921819904
333762880 912710100
334398815 980467766
335006120 972088634
335639118 993950112
336264223 966782360
336900843 953690502
337513244 978904740
338145165 933510264
338756405 936969563
339391476 918216372
340004214 964237824
340639278 939466396
341271851 956974935
341896453 994990542
342501135 907810735
343137474 972589589
343755023 971329375
344405860 948762500
345018673 984962847
345635230 949043400
346261306 964777984
346882100 956620882
347500578 999370352
348154263 953862650
348763007 978638600
349390284 932240321
350022251 940702696
350651134 939354179
351278228 932230028
351899478 903538176
352508782 967925176
353130718 925155160
353776836 929676941
354400938 925713836
355003687 905557340
355635828 998026111
356251606 962682345
356891755 995897208
357508416 951641310
358128367 950562914
358769207 944860848
359378531 995527786
360001883 952287636
360654185 941651304
361266543 965241588
361875483 948940128
362512027 931552700
363151652 912303375
363759042 996609612
364387774 900460746
365029491 951799882
365656584 977963536
366267684 984460040
366887215 933763834
367528626 972860734
368132444 973823510
368770914 978212708
369402216 938398680
370016975 961266602
370645700 975647616
371274638 933019792
371901461 998745425
372518001 987844346
373148026 919728197
373782186 943986208
374388081 960482665
375006530 917982065
375650768 977307493
376257432 919722735
376883807 999078914
377529332 961215500
378151654 945269040
378756161 973489784
379392204 901191176
380006035 976069479
380640423 960616480
381261828 965390340
381880899 917719348
382532620 902851560
383133193 998064256
383761249 963854874
384404689 932866675
385027325 935979548
385636228 919059046
386260198 967804473
386885146 932796052
387532735 912330080
388152786 992281745
388750169 999374400
389389500 910380275
390013873 929373374
390633705 981471556
391252262 926761832
391900131 903313152
392507334 959356044
393149238 905122244
393752842 985743260
394384685 970768685
395018321 926517854
395625754 955760884
396255232 989312208
396879039 969597600
397529103 905928072
398145705 977746185
398762091 925486060
399377319 949997760
400007285 904759032
400630177 963286126
401281668 970844247
401896564 982970600
402515259 950655272
403131816 936014624
403770886 953620058
404379156 967609780
405014313 941273004
405655754 984567458
406272280 960704365
406898925 909305782
407521824 930635507
408146482 900158233
408764539 952735192
409375293 975742206
410018410 958691173
410639654 903266490
411278580 901249741
411883958 967696750
412501318 924737324
413135432 975108260
413766138 968749256
414375253 931700288
415006894 943101992
415651082 935874414
416272803 909581793
416888706 962641610
417506923 978630796
418140530 928936150
418771403 959654370
419402605 942616468
420025947 956329486
420640271 952750506
421273223 971633131
421882791 998671660
422523904 944221590
423132731 932236390
423769545 968070566
424390399 906894248
800000000 900000000
861730790 299010650
850047906 298014300
814038227 297030034
861222216 296001838
839011080 295010854
815316200 294018281
822378080 293011173
803158270 292002178
803554040 291030533
814129552 290020910
827360512 289004850
845042331 288017139
844988389 287021008
883410341 286011846
865858700 285027574
840491312 284025756
828069634 283008982
879671334 282019822
876345277 281016460
804654507 280024483
861215814 279004295
816971344 278018658
861130714 277028100
880383050 276003249
802976893 275011424
843538394 274014070
827911762 273012261
836706800 272030126
867749240 271024921
861428078 270007159
851224752 269031872
814755389 268017601
827227230 267003661
889791968 266005571
888078464 265014839
857702320 264004999
834704484 263031785
869506796 262007590
838543442 261007436
814720574 260005778
821123437 259005848
830754416 258031864
857934935 257014829
852349657 256024868
803760622 255006317
869259250 254019699
807271038 253005248
856073260 252015660
841576358 251004817
866446009 250010329
854212951 249015339
842519525 248021376
864587653 247032495
833640595 246022854
875247364 245015719
824166404 244008284
872795193 243017950
820416960 242012498
876643526 241031301
830563348 240028699
829473068 239026895
817154680 238023018
814064218 237011584
826678832 236024628
849818278 235013686
847094418 234018160
876493185 233011013
809926550 232008311
805351072 231013501
863849874 230005520
899799367 229010752
806608480 228028807
865904534 227016359
858977030 226001252
847223588 225007528
870389270 224005530
890214634 223025793
859671590 222022987
804817472 221028557
813233780 220017520
864527909 219002127
818181216 218019846
858768424 217010080
844690633 216015249
800914684 215029301
876503435 214025235
805056679 213017730
855614954 212002506
880241846 211012004
833255010 210015309
802953930 209025361
836989788 208015593
877123136 207028487
852663540 206020932
809093255 205025456
806996961 204029879
874859816 203023214
873850685 202008794
807825185 201015446
833031096 200005686
844613936 199030266
834576267 198013982
851193752 197010457
806770526 196006939
839771742 195004874
876102720 194006893
875663381 193020027
869787614 192014734
807964882 191028005
805544240 190009541
865045996 189008245
862786752 188024608
874278262 187026919
868228931 186009708
809699556 185004226
891929430 184016908
828429779 183006000
807025920 182024129
811973433 181021935
834762125 180028594
871832500 179029067
895175736 178023009
859255460 177021793
853504836 176014160
898568539 175029980
827018596 174001533
828121332 173031846
855672245 172018946
812570311 171003469
867517485 170008954
842238592 169005568
891585580 168024828
875861689 167030393
829806444 166027721
878397078 165025583
803376959 164024325
818986942 163001242
820195064 162004744
823206005 161004414
814464785 160010806
885734383 159032175
876227592 158025562
802605579 157015823
839387062 156014836
825727605 155028402
883779268 154016003
800098991 153014634
838473992 152005419
806560350 151011769
872756706 150010695
822754233 149013060
829266058 148015564
842130018 147027817
806316688 146012547
851173083 145028492
822996398 144016008
877159321 143004003
819254370 142023820
829872712 141018811
850968042 140027597
826259859 139012713
872196414 138026567
826274465 137004892
895178886 136028928
890528468 135000081
847879280 134001545
884088704 133006553
866775334 132018685
881567296 131024045
801611400 130025520
851341191 129024392
809591484 128018636
836573010 127029881
881421204 126011777
801869488 125021429
891538076 124016292
810123092 123010054
863666758 122018500
888581734 121005936
805834000 120026404
851426050 119002598
863186585 118001694
810285329 117005530
899645240 116008143
819462498 115021208
819549071 114002861
894967523 113001131
856513110 112013769
825446074 111026614
871137412 110008553
804344664 109004103
884819200 108010704
833858642 107032412
884230700 106013242
804351504 105017474
804258196 104014973
810726428 103028955
817639038 102014165
879501994 101031793
800000000 100000000
199004394 44138600
198012377 3365131
197014061 67285805
196029463 27089157
195021183 3512993
194030739 9177242
193028454 475525
192027235 80798658
191005718 54434729
190025533 74064001
189008445 76731031
188013828 80845389
187024101 62743152
186031333 42113127
185016918 93946659
184012333 45547827
183026696 79082480
182001233 9303985
181022718 12072258
180003047 20281625
179015199 11680173
178002311 77792077
177001069 8020497
176018109 51482067
175014695 9233995
174007455 73028306
173020733 97813473
172004006 16002343
171021721 25980833
170007501 93242096
169005610 76249642
168020274 16649553
167017408 909279
166004393 82664335
165021707 85953041
164015608 14733321
163020127 66516007
162019520 48645113
161023504 41239281
160011838 4409025
159004547 52951777
158005600 21173019
157008958 23935392
156002538 4358951
155021988 58965729
154025631 83674687
153008679 35098171
152003496 28777001
151021314 42657047
150030253 34663213
149006573 67237873
148020572 6048373
147000126 46737573
146023002 4819583
145003896 24260481
144011722 49037471
143018295 9499473
142010346 67420937
141029110 74859297
140001923 5613766
139015463 8692251
138001688 89025266
137010579 86844603
136001810 37420227
135013117 24630865
134013287 90918907
133002617 17202780
132019815 96621613
131020284 57188335
130013616 84427281
129026570 8694641
128015235 80427407
127026836 8112677
126026216 49360489
125017436 47967101
124016484 53193433
123026048 67636942
122032689 76967681
121022453 92966214
120022579 43139686
119024416 96103917
118022948 34518924
117028040 15718536
116010411 77861345
115013143 49890075
114031964 59655925
113020270 18804287
112026316 31060381
111023144 25902363
110018629 95954161
109015720 69223241
108029120 36481838
107008589 58759372
106015782 43279053
105012501 51206497
104020237 49666861
103008537 65026799
102013805 88574017
101024303 1166449
100029692 42345262
99003983 2356161
98006841 39051446
97016203 10196137
96002121 37172057
95018178 85530871
94024493 34227073
93003345 72803689
92003595 32438475
91008622 47931939
90020978 5907025
89000185 86553445
88006884 30840487
87000279 58017026
86001677 27178513
85015879 11908747
84003693 64452733
83008418 5855041
82029667 98469991
81012872 79556692
80029147 77211862
79004017 25877416
78000649 112027
77024269 18615436
76027894 57530557
75027203 35539685
74008529 59573201
73019368 14189355
72031804 7483831
71013515 63996666
70010385 86496307
69007845 87735935
68021584 32916373
67028303 91944662
66006324 3377651
65004747 92023513
64007848 73250178
63015300 37549309
62000006 64631230
61019092 53869387
60031606 45529453
59016809 57223671
58005052 6980723
57015913 75988576
56029910 76502181
55004322 83604381
54018498 51525121
53014562 48095539
52020280 28672732
51014870 66998607
50029896 67238752
49010940 44789761
48025360 6988275
47026827 4770881
46019982 22075313
45017564 53380439
44027580 38491076
43008320 240356
42017519 15041475
41007428 48436085
40030645 56539385
39030731 66629731
38004396 77183211
37022803 21319276
36026106 46640141
35028469 2980186
34032505 54453217
33005570 55313495
32007352 51115526
31014995 37490669
30014797 10562051
29003421 81219655
28025917 3270972
27008615 73844589
26012773 93784913
25013631 42695269
24006430 46941045
23019255 71171751
22024089 34828533
21020433 26668767
20003238 79954395
19005099 22596391
18026979 37656929
17011972 45818881
16025218 80810717
15019245 91946765
14006060 55408911
13008589 13700289
12013483 55767281
11029245 50469210
10028121 63331393
9019489 92229781
8016018 4965235
7022930 9284280
6026901 26383546
5025073 67156382
4029842 22754516
3014456 17207169
2020832 22483927
1000296 46146313
0 1
1000
226860844 100824559
239834408 101608612
248868840 102414409
227810196 103221030
279245472 104025638
295064800 104800353
211105544 105615603
227100298 106421577
248928408 107227486
252920986 108029900
295508035 108804538
262493516 109631376
262960242 110404613
215095954 111221520
289059392 112026372
276987679 112814781
285590367 113610740
201117520 114406182
270366595 115226307
236061096 116032607
223662511 116824266
277372241 117621788
224238360 118424186
219088589 119205177
208815847 120025735
254588608 120808101
279262370 121606511
252814944 122426607
226470816 123203180
272102866 124010722
200440856 124826417
278529412 125612786
234538283 126423569
270811177 127209070
242386176 128002637
293909266 128805037
272487552 129600710
283521930 130410415
249832737 131202892
204293935 132010223
275090680 132818734
243744896 133619802
239954800 134411247
205564293 135211163
238155855 136022298
216455473 136803655
275221620 137630381
253945040 138411150
225986410 139227555
234674482 140013943
268641986 140809837
269460335 141625553
299586080 142425482
215674425 143200866
293757040 144025216
226511758 144815359
243824028 145610707
226534536 146405254
213064399 147202785
215324680 148003320
299454589 148828319
222644240 149629228
289989530 150404271
231623722 151207110
267428635 152016458
276894684 152814204
212013540 153605866
214393936 154430159
270599856 155225285
279270166 156011203
219978245 156822381
252666824 157606716
299495709 158400308
224570478 159222274
248184160 160002091
223300136 160807336
211090140 161605579
210004984 162423995
277261250 163215533
284429785 164011532
227494088 164809189
276168550 165612279
257530140 166432715
232010556 167212522
211217320 168008293
210201920 168822427
295999300 169608618
225358389 170422968
277429856 171209297
244317182 172029164
264190226 172830197
228074476 173625742
220190944 174417835
262803972 175208287
224748425 176032351
250693179 176828435
298403976 177612946
204591401 178431909
286655534 179215704
208829825 180003492
200297892 180827290
236674950 181623542
217631064 182411534
253733328 183203782
243405783 184012903
258063936 184828061
230638390 185605798
258206468 186406094
287080132 187207568
287176448 188000195
244438562 188817851
212843685 189601742
200856454 190419122
200162480 191232128
239085816 192021527
247314077 192817858
210787215 193611730
218966032 194423839
258478857 195202480
211789440 196031482
225342168 196801272
272887365 197611696
217477104 198403301
230516271 199217098
272160140 200021256
200826650 200827859
206646895 201624313
226210685 202424176
268053045 203231970
244680553 204017858
293229091 204824783
271848536 205601093
205378558 206425789
280733950 207232416
272336416 208023527
280294366 208815655
256652828 209608128
246106255 210408449
244948064 211219352
200722975 212031525
200042998 212808674
247330249 213610681
213256448 214425231
284771904 215221868
237155304 216031747
298799132 216819432
254517576 217602183
205259000 218405489
273872085 219202122
261953520 220004933
220439540 220819530
289636854 221600351
204936954 222408384
237757132 223229098
220629236 224001511
295882565 224804035
225845992 225615405
264787801 226400992
205603205 227209524
213341314 228028789
293850668 228803378
204888991 229606571
249546464 230426759
262553614 231205833
297344951 232032679
288861910 232819737
230981680 233630640
232385930 234412534
229751020 235212343
226261082 236013574
218740352 236807993
260883724 237614534
293277288 238414904
255633694 239232499
275501960 240010209
217650450 240802431
263784028 241630671
271679930 242431752
223084080 243201621
289457522 244010000
215893772 244804164
269002592 245628006
202636920 246424368
236587360 247208831
202445430 248028834
204043680 248807089
204329612 249606965
296106040 250418321
215245776 251202707
233664796 252001501
212557935 252801994
269383356 253632699
257319114 254430074
202324328 255213112
234044672 256016312
250202368 256805705
269922672 257619920
257281520 258429880
209446912 259222561
224698683 260018892
299887598 260828355
221072400 261608582
248575214 262403521
201602820 263222216
266582095 264025100
205264025 264806858
253485406 265628265
244116442 266426525
284091206 267208720
279312736 268008888
228198435 268815031
210200708 269605558
230087904 270402617
259198696 271221210
203656054 272031770
266800860 272826608
224148538 273604502
251573564 274415775
244702800 275202821
275703150 276031309
244973040 276811185
231940116 277601828
263386760 278400370
231783529 279215065
222363110 280027568
280730125 280800321
237186899 281621914
248999490 282426587
234621526 283217839
225008620 284005846
280917386 284806386
289852834 285615168
239346166 286402652
255384536 287204695
295606630 288005992
290627548 288828483
242642294 289630931
269921888 290402966
289031883 291221215
211900295 292002145
284389082 292800699
200704625 293602255
290673455 294405863
274390600 295204219
285297523 296007841
279686325 296807929
217422873 297608384
279712752 298412108
283280610 299217555
300000000 1000000000
300525053 931145040
301006443 912400840
301511084 985886330
302010094 929056256
302516319 993825836
303016834 913707501
303512537 987559135
304025820 979510670
304520691 947148245
305018639 990932650
305513125 993271091
306024626 916258896
306501553 923237540
307019381 916276860
307503205 945738622
308007040 935309671
308529440 929839700
309002546 947225113
309500330 929783936
310005016 987884253
310517373 989209624
311032377 993842442
311525515 971546688
312005894 952867618
312524845 996125059
313013136 971937428
313504565 978646480
314032081 957496402
314527588 982760536
315011116 950230139
315507120 984462150
316014962 969064358
316532758 958576186
317032459 991265552
317507316 964418288
318002708 980344896
318526494 960934645
319001235 999872458
319504683 979944250
320012813 991789308
320510892 943641240
321010473 953496790
321516872 929557775
322003485 996805036
322510580 927528304
323017749 957142290
323529159 922471110
324028389 989182600
324510996 983754156
325008277 938211420
325502150 999365232
326000298 952427712
326503493 930209032
327026495 979709653
327522628 962278752
328012874 964248022
328501061 974346756
329017756 919785460
329510840 942343460
330023550 903152392
330503171 952894916
331027969 980530489
331519445 954045606
332010577 970771484
332502923 973721618
333014703 986491358
333513115 910883840
334029792 949221520
334514996 989343952
335014189 971540751
335500193 943943350
336006227 971089372
336520968 968069894
337016037 949415728
337527968 989398670
338029594 956601372
338507124 963992776
339027965 916813493
339528259 968405558
340005740 974007774
340524080 930065282
341010040 977751685
341507886 926013433
342022909 939565242
342517360 929612064
343029644 963822302
343513676 917801036
344022782 959954260
344513611 964110041
345021765 972480323
345506140 997646775
346004058 900327365
346518378 993505080
347030106 924092700
347521726 923304126
348003886 960428767
348513525 957558082
349018702 973525810
349504122 988428463
350003592 978712064
350500026 913450383
351031243 904224002
351512209 900501576
352019812 912083752
352515487 977641986
353017146 967647936
353521287 988807104
354003171 946566120
354506569 930946416
355003302 991783328
355525168 988829400
356002253 996656340
356509965 972054233
357028818 928705328
357516218 956170006
358018377 924501187
358530582 986268515
359030168 925026356
359526650 926676464
360008922 915356923
360505047 928044688
361011588 937986615
361504763 937889168
362021789 964082649
362525619 959921152
363032752 951268154
363504324 979713389
364001217 949342960
364500203 942443768
365020898 921344637
365502057 942356768
366001222 937253408
366504903 993316240
367020771 938230865
367518036 941544572
368019193 944914384
368513287 968413415
369004833 986039951
369517780 901523968
370022063 902226094
370529420 956618172
371020935 956752810
371508709 966962100
372000192 934000557
372529730 900277169
373029276 970849360
373506369 993442607
374031558 903855974
374519888 941556917
375009242 930112120
375520936 904325779
376027543 967480000
376504962 926645542
377015632 985802670
377501547 903594768
378027647 985373750
378515190 983645945
379011195 974268405
379520063 988474964
380026306 967192390
380518405 957474312
381006944 985201728
381509183 978143610
382002513 945377511
382525299 916515315
383009517 975869290
383524673 926867554
384020170 931297033
384521946 974817060
385012113 932693950
385518942 995454155
386021301 997515173
386502996 991799500
387019801 937750453
387530171 918297120
388031997 924208888
388502119 967558624
389018061 981511200
389503645 986337147
390010028 991787490
390532661 906133762
391006411 939297502
391518380 969270528
392021227 906564912
392531683 911076912
393005987 901866640
393504646 925676982
394006329 913966032
394515273 941764236
395031858 927774632
395520390 963614648
396021993 906521400
396514011 946599200
397004482 989469840
397508310 928073174
398021089 906017790
398529239 999381000
399017058 963659436
399503282 901473988
400023184 914279060
400505008 909916200
401015683 912075589
401506814 969614525
402002479 972121700
402523577 972821240
403029972 955465320
403506698 907467242
404016444 972048850
404531221 937044692
405011038 995610424
405513892 907666915
406000692 962048098
406523101 919071227
407021282 959466035
407504991 954188309
408015503 904032626
408526739 959025234
409029490 982383644
409502754 992693348
410009089 981385525
410526406 989076440
411022926 998185586
411519219 922361947
412014062 938968976
412519942 999697060
413017600 955625800
413528324 929276955
414006061 942642910
414522634 944442420
415023034 994752381
415520253 965468388
416013313 923907712
416513055 949262896
417001455 932217134
417509516 928654280
418000980 960866158
418528724 935961142
419008815 933340510
419516202 985393720
420020789 941144137
420513251 972266972
421000519 998709299
421523503 920874225
422018708 959168011
422516065 999866150
423013528 951369953
423529241 922126922
424020540 963309427
424518696 996640591
800000000 900000000
848432529 299219323
819532588 298430286
828292656 297623098
853516436 296818740
819213952 296029349
817433332 295222111
830666710 294416918
846800125 293603734
833965646 292814462
819696122 292027157
801778913 291219084
864416780 290423330
822976516 289627423
866585524 288830693
845142665 288027539
891975052 287230347
802067884 286402758
872384128 285602017
859339444 284802296
864105962 284007146
811739380 283210953
824029604 282431006
822918004 281616380
805769257 280806733
853000628 280004823
826003056 279220580
838861914 278411053
811659120 277631872
806673857 276807286
816943985 276011287
875593256 275214468
846363900 274417435
852150260 273602233
852339616 272802405
846800369 272028096
800112660 271200972
898109265 270419008
844738052 269618096
819101468 268814082
864998000 268025829
872724515 267232629
829157280 266403901
842783290 265607080
859497334 264825640
878195456 264006404
893108429 263207198
824299448 262430061
804978593 261620945
805797372 260826779
889546649 260030301
832378680 259201473
862195684 258424805
826285695 257605091
899421168 256809833
819549936 256001381
825168740 255220921
850331426 254410173
861811176 253631940
817796480 252802635
819102104 252000964
804304896 251218369
889257192 250424557
838360095 249624492
889137666 248831401
870952494 248013811
803501694 247219339
806378764 246411369
810529144 245608831
828555370 244811975
837549770 244027867
814892170 243200934
804983952 242424419
831150279 241621847
840403375 240802140
896018074 240015269
832636475 239213376
861474832 238411235
801354080 237605303
810526736 236809951
887081940 236003292
838690608 235221641
855850168 234414068
837128973 233602920
825309487 232830502
815066124 232005701
812851382 231203034
844873292 230429828
882340396 229622462
881555660 228825130
885286780 228027302
860912160 227214981
865465504 226426053
807641284 225621729
843951766 224803312
854681236 224023783
823532896 223231206
890688800 222428771
890069848 221618393
808473759 220802733
896866884 220031909
817149412 219202546
880012735 218417017
804264367 217629949
868025884 216832742
837154740 216010333
883857966 215221895
863701863 214418426
886019846 213620416
831332514 212820084
833497878 212000073
870276000 211226081
875247297 210401666
895318344 209628104
816117026 208807870
807102842 208016486
841425937 207228678
852789012 206432167
809767546 205619722
838715578 204827728
893956122 204018485
815360674 203229270
838800810 202409249
821134128 201619283
843045380 200808411
805114690 200004240
815479100 199215287
805689236 198426669
850042304 197631404
874313960 196822847
824951856 196007526
831270903 195224835
824046336 194423957
881789343 193602425
806804966 192805408
872281616 192031741
838909375 191231815
825416362 190427325
847127344 189602776
871460574 188816927
838873796 188012033
853975292 187228526
805842464 186420843
898011779 185615466
819410944 184820893
867005206 184022416
894516047 183205844
808407800 182412083
817399008 181620701
843158286 180822977
802123190 180024976
856084416 179228610
828968065 178429430
819836348 177603193
849856840 176818253
851380082 176012334
813626442 175210077
818027198 174402949
823145328 173618650
867810989 172823927
888393992 172027089
880306757 171205569
836973376 170432587
801446880 169627620
890603940 168801192
815065316 168007956
885131810 167201642
890288620 166411679
894232380 165615966
812219642 164804785
883919325 164020582
823110432 163203982
833091766 162415962
837656750 161616779
867918216 160820150
823600324 160022643
816433955 159213571
820970328 158414617
891901917 157607245
836575996 156817990
847647296 156004867
800463459 155232331
897592708 154405380
854211872 153609682
894820714 152823513
875292073 152026827
800617508 151201603
802178772 150416525
865909480 149624484
803326400 148806776
899713122 148025841
897116960 147215549
889204827 146426670
833214336 145620255
810479600 144813470
849554878 144019400
860318451 143209526
850630160 142400123
815271200 141603055
892575776 140817114
873020984 140025602
855918139 139206767
868147314 138425161
896919175 137631164
844699096 136824101
803442552 136015234
879563836 135204800
896134962 134403059
837750059 133611149
865526102 132815771
879154912 132016449
871585100 131222552
856257760 130409167
874663024 129600765
857611136 128801790
824252800 128022902
803935762 127215029
805226495 126417284
805177520 125610010
806069875 124814314
892786484 124009224
867382506 123222049
812267156 122405269
820541815 121610742
864049052 120819098
837440216 120012947
831489665 119206265
880194230 118401318
813539989 117626263
852328128 116810087
883512233 116028485
834758756 115206311
899622278 114416141
814584803 113600049
892213160 112804250
805952580 112011812
868277750 111225272
879680960 110406155
836425884 109603107
898043190 108819683
822071005 108025618
843129010 107205198
807247760 106410185
858438768 105606944
828441589 104825754
849756640 104017295
834735698 103211031
847673738 102431145
876282908 101631588
808350000 100823773
800000000 100000000
199219441 2692375
198427870 30016563
197604341 92970792
196825876 19006473
196024124 1782865
195207426 77704121
194412634 77048853
193631337 822601
192828999 23824229
192021834 60535
191202629 89880581
190422925 55493725
189627923 52641309
188802749 49803191
188000817 57462556
187211101 91407277
186419755 28231041
185604533 72841105
184816670 47494404
184012858 4740349
183228402 45225039
182427605 16174063
181615620 60799857
180831916 54066385
180002863 93675245
179201610 95055918
178400890 76085195
177615924 34626979
176809941 37660571
176025669 76724898
175202470 63262653
174427248 9162105
173601815 35365381
172829112 84087276
172017255 1028841
171228277 4997960
170429867 34207355
169631311 29632122
168826304 29883381
168009321 12898861
167223133 24808083
166400177 72026664
165602183 76071771
164823903 4387748
164002776 94211035
163229175 11639855
162432335 78869431
161607542 34660069
160814768 89341889
160029037 32385081
159212690 86337811
158426164 41265547
157629618 46968049
156814471 11877823
156020514 93832531
155211039 56563065
154408815 62493226
153618213 16149897
152801490 49802471
152019613 92314485
151226373 82569601
150424587 85114161
149611103 31460001
148813581 52248501
148022576 52219493
147203483 34539496
146405796 30333283
145629733 42377937
144828561 41765893
144010964 80392619
143230717 50273393
142429837 40002821
141612861 16620561
140811407 47290267
140028923 21615158
139210173 51170481
138424713 46557991
137609975 46803719
136820553 5384789
136017427 17469626
135214612 8463001
134419273 83896975
133607902 52453088
132828984 63958501
132006932 79007749
131222989 29601793
130427235 17880681
129632435 42469211
128805092 47963201
128017428 10257825
127230951 8617648
126400206 27957204
125609166 84893411
124831603 21919485
124020928 46848053
123228584 78984929
122417941 57958156
121610175 86997001
120818372 46663345
120009371 78347195
119202118 36057601
118416969 90590913
117628840 38728041
116820944 64996797
116015551 13352832
115220764 14659133
114413752 76879921
113620511 9329789
112805247 14270157
112015989 41348825
111227064 7082773
110424364 7025086
109611312 73090856
108802179 11046344
108004120 16512043
107213246 8157137
106422641 98711415
105617759 60320755
104816735 62382942
104028770 98041991
103215720 50325027
102414158 1599976
101622737 9642317
100825664 4939570
100032136 53396501
99227957 45590386
98422370 30113650
97611324 17171121
96802974 87062203
96011100 39806469
95210207 43873181
94404688 48150796
93627681 38995916
92806246 62269336
92012378 40615905
91218216 67896816
90429115 12694931
89627280 61235545
88823765 54397793
88020990 95678329
87216658 56750736
86404393 78931821
85603890 3495745
84821176 470385
84010203 85460677
83205713 3385995
82408283 2536707
81629247 39571412
80804897 22851234
80013558 19052565
79224236 27610321
78407457 37794189
77612498 8764796
76824330 47871241
76013736 61549587
75225706 67220869
74402186 11696421
73612297 81232768
72827356 85326963
72008383 4395969
71206051 30944545
70401962 18718015
69607182 53733751
68813243 95864485
68015484 79760501
67218660 48489622
66427306 67723514
65600909 39721944
64832008 1756801
64031011 53059430
63200109 33556545
62403282 72727041
61629850 66459115
60815307 30026365
60022866 35380961
59209903 4840441
58429935 42488540
57626093 61560213
56832444 27420251
56021811 79792289
55209852 60425801
54409800 36677566
53608164 55224873
52817899 1662281
52013305 92362915
51232130 89037271
50413189 31895251
49621189 29121153
48819757 92620016
48000679 9744912
47203782 18634625
46410025 95275425
45603323 23153409
44812257 84714707
44007528 85320154
43225429 76783303
42403757 78601152
41613177 15989414
40810032 31849251
40023032 76922991
39215999 24545661
38400270 30326958
37620117 28475857
36817426 34193854
36012655 6668313
35207955 8893206
34413485 79524981
33601803 41875220
32804162 76516086
32027790 74026866
31228245 56811656
30426897 55434777
29625050 54817053
28823310 43334005
28013983 83092643
27220406 54533883
26416566 87275081
25622765 76634431
24802688 23994216
24025800 51120212
23218377 34247005
22426567 64888213
21606585 9222589
20815731 82318965
20017023 85884646
19206970 53465677
18414597 10939654
17624469 39421491
16827661 80277635
16031710 39000358
15216772 83409157
14416737 6804791
13618936 83463545
12802695 33278711
12002407 65153661
11207991 92513917
10428136 5920629
9624505 10794640
8825053 58506975
8017345 57315314
7210926 46528851
6409068 5739746
5617981 97944506
4807761 41434103
4002194 5506207
3222785 49941361
2410355 23949780
1617274 74643015
801249 54470671
0 1
