200
3202248 1
68218241 2
34224848 3
56165367 4
65583975 5
45563680 6
93413690 7
79349984 8
33541434 9
82028964 10
55088053 11
889039 12
95449229 13
28469866 14
57764500 15
67066868 16
60269922 17
7387666 18
69661568 19
38825399 20
21198977 21
20721671 22
31829550 23
5138917 24
10642355 25
6058919 26
20897500 27
53070864 28
46856544 29
10442587 30
3417888 31
54396696 32
743264 33
77778820 34
5710384 35
94145118 36
13502655 37
63011963 38
19191914 39
87928778 40
4059552 41
60318144 42
68118732 43
25958434 44
9719731 45
66270200 46
82922076 47
53404440 48
10293665 49
42641235 50
57558419 51
4244812 52
91499220 53
19385911 54
18490365 55
61558640 56
81021979 57
64942836 58
63613062 59
66629725 60
24161210 61
71142687 62
70266612 63
9784651 64
52863360 65
35040735 66
54520046 67
54544624 68
47951530 69
53284228 70
83684097 71
32912168 72
85042966 73
10843254 74
44984202 75
12876660 76
64335808 77
8489760 78
20805754 79
67385468 80
73621668 81
14648039 82
92224530 83
34374590 84
5475792 85
83630725 86
55655596 87
23072488 88
35933228 89
26729575 90
85126114 91
81497208 92
80373218 93
28041712 94
31141896 95
82610939 96
38741800 97
64219696 98
90815504 99
59485760 100
995241496 100
999249640 99
968389120 98
928329665 97
984131860 96
918793382 95
963345582 94
903597692 93
978232900 92
948017023 91
930613788 90
997012015 89
984878075 88
966487346 87
950880124 86
944416220 85
923457773 84
984799150 83
931257563 82
944015084 81
948755602 80
979319500 79
900311842 78
994706075 77
939014676 76
967259519 75
950868622 74
988606055 73
900108208 72
931051340 71
918205024 70
982870170 69
925291616 68
993909052 67
996848173 66
996113920 65
915807999 64
959529412 63
958522408 62
996430626 61
979512311 60
944993703 59
958003700 58
953719872 57
982052990 56
989597955 55
944550805 54
908159576 53
996660976 52
913952280 51
990161026 50
958685613 49
973626377 48
998912108 47
989634205 46
964811815 45
992542105 44
902916896 43
959484664 42
996449924 41
902714456 40
975602668 39
934695686 38
961816120 37
961551944 36
961465264 35
924173454 34
993426442 33
922699262 32
990230000 31
967906846 30
938596200 29
967378848 28
941973461 27
992305304 26
988911469 25
951306516 24
994145474 23
915613088 22
907747200 21
914314092 20
939056985 19
975191535 18
911623600 17
955012050 16
964580513 15
976531864 14
946175095 13
962471792 12
926385666 11
902631900 10
913760040 9
950616192 8
980973280 7
906123216 6
959286700 5
927119432 4
979565250 3
980943917 2
984652361 1
400
9494128 267751
31340762 505528
92739248 760749
23080832 1002032
22957740 1272452
84759138 1510912
70627275 1777125
12807451 2006183
777404 2260298
79635865 2517656
26048704 2769958
52343927 3016642
85368899 3269501
24908838 3520789
62648978 3757809
64543192 4018250
73994105 4253032
52277256 4527967
83125332 4778386
59043884 5010046
16429367 5282039
64386374 5527111
56706128 5750877
20227252 6007230
10142054 6267543
27480480 6517320
85110960 6759212
43490864 7015799
34260612 7256141
25604624 7507867
97734977 7755799
26467872 8023889
57803080 8274709
29673302 8504705
66260150 8766069
79231680 9004694
8552276 9255549
83523094 9520332
89542272 9757203
73152214 10007781
23782465 10262145
53442452 10528175
16961319 10759859
59730928 11005976
54345960 11269032
47541641 11528391
9545362 11766728
11116660 12000626
73220699 12272990
23752132 12515177
22433370 12767343
44809181 13019661
38753710 13251220
21910800 13512493
36721484 13770672
43986250 14019714
32380933 14252181
87247834 14501050
93768203 14781685
86376856 15014872
95029424 15265835
21835740 15501779
45474002 15780042
58126784 16017330
62293822 16257266
22399986 16507553
72368655 16765398
43806875 17014196
28923544 17272571
98291034 17528387
7558668 17753625
68790400 18024501
26354959 18280100
8969818 18507411
71655246 18755687
11597876 19001899
36897189 19278518
86514960 19503930
83516760 19754532
56939224 20020306
20093888 20269247
12210462 20507638
55309102 20777280
52415606 21016478
41818848 21264306
65649202 21509673
14389917 21750389
25196544 22018275
3124379 22254780
13180195 22522277
77190324 22759360
73337984 23001538
58876928 23278184
59197298 23517366
2833866 23778077
11876560 24009430
6510617 24280565
1860048 24500080
42175194 24751494
3202794 25004831
36262512 25272055
71193218 25523771
58493650 25752109
28333017 26024110
74536638 26275116
33313555 26502043
57286728 26750456
61942738 27004561
94872408 27269280
84959728 27509060
17334665 27768637
80651808 28017665
48701332 28254211
16747500 28506205
84791146 28760510
88989415 29018314
58186921 29274441
26939002 29514003
99684048 29758182
10537212 30006009
33520210 30265475
14093130 30527841
23667062 30759493
12749792 31003084
63860364 31252732
42941984 31508253
73229072 31765065
28336310 32025046
7221408 32271511
3689776 32530758
32871617 32767295
36640707 33005169
45709972 33277288
73657584 33508492
6883085 33772168
26482356 34012264
19378904 34266512
17461095 34522913
18653220 34754591
28788648 35002852
88201318 35254621
81248800 35520446
7813120 35759178
27966516 36003735
29695546 36265889
67724800 36508663
15222250 36752287
568214 37031719
99526465 37276754
9227114 37501379
29694528 37764922
21788324 38023901
84137434 38267235
79641063 38527045
32145252 38768444
17211896 39002766
1376320 39256545
7248327 39506912
74025740 39757191
73872 40028617
31215378 40280912
85901240 40513915
51563331 40774839
51960396 41032513
76819680 41255239
85908712 41530640
53348624 41768803
95411561 42032508
10236258 42266441
79711936 42512251
38298960 42763156
69925550 43007164
60971626 43257062
76909600 43528064
1061970 43775621
60214616 44027437
33176875 44269586
27720725 44509724
86193485 44772509
4577692 45019216
53187339 45275589
12369116 45526544
78450442 45775273
53815878 46019750
88130272 46268627
46287550 46526123
62940050 46757214
750785 47005345
10089004 47267596
27670045 47526359
17755994 47771661
71807102 48022471
5095376 48254103
54986212 48524646
56276062 48753576
20313314 49027367
17121778 49280395
76444448 49520542
5084494 49763572
70130672 50002433
44613842 50279887
35683077 50507521
32565376 50755856
25480875 51016624
75045306 51275570
31579912 51502433
11809398 51770150
7333698 52011738
36323786 52256205
52740264 52501028
97391760 52760175
81955760 53030362
91461400 53251737
17403060 53526483
13453079 53762155
46741121 54012013
50529986 54271051
12216040 54528233
42723825 54779745
11792420 55004316
6217530 55273079
53455178 55527386
81058570 55761173
245463 56014056
81681708 56260325
47910190 56503904
56037950 56765896
47489754 57017276
60286364 57272621
13136784 57520141
93575040 57779061
5382838 58008591
13969263 58271897
68397575 58510349
90385920 58762569
66931590 59019096
9900813 59252794
72155938 59525691
20896420 59761507
93606330 60015798
88263372 60275019
39424668 60503911
71860820 60769996
83034915 61005151
57292731 61260742
67539094 61517029
79929650 61765049
33128765 62024265
34703088 62268741
11277149 62500696
41908346 62776319
18677218 63014679
53978325 63269402
11482075 63516864
10071766 63777750
6629464 64015941
72364290 64263345
4686720 64520641
83441760 64760529
35960398 65018519
38077716 65259300
65630740 65519158
68941797 65773341
17571254 66011582
50251997 66265887
64675511 66519286
5418532 66765049
92662544 67023948
18585120 67271670
1787621 67529444
27580991 67769461
70149550 68005594
25820242 68269828
1081234 68503868
266219 68775790
93133450 69003382
42660497 69269062
3169288 69527324
42085174 69758921
4640150 70019666
88908736 70281527
62849549 70506064
17023487 70770158
6917300 71007402
387566 71262189
32319168 71514978
13069893 71776135
88796223 72013046
15201017 72252532
2991618 72509665
39689770 72769146
12366236 73003344
43370020 73277033
11959850 73520625
69149500 73771043
83740087 74009895
66740438 74278106
9233635 74529811
42501491 74762454
77955939 75029285
31915068 75260509
43941040 75524149
56994377 75782036
51081042 76017756
70347024 76275567
81537152 76516092
44475493 76768780
71331694 77008056
13352930 77252366
11846414 77501520
32903052 77752532
57562390 78032032
19885824 78256537
93378680 78505513
58348206 78769128
14437435 79007726
3853390 79266279
12380270 79522456
15952613 79777634
79620710 80028177
77336944 80275621
73803360 80501016
14828150 80775291
37175818 81031040
95275566 81273332
22416563 81508117
78433296 81765057
29993464 82007137
13263095 82252098
25359380 82501565
86267951 82771354
36732720 83021945
84681913 83255144
86206064 83500806
16727220 83755512
96927200 84028503
17709084 84254468
59605706 84519935
89563231 84757598
75297024 85023675
93540146 85261081
23143988 85528155
65236715 85755666
26925952 86001996
57731373 86264804
24899255 86522682
2484996 86765731
8229197 87029626
98412074 87272960
86190110 87520570
89890390 87771806
74464272 88023728
91777490 88274877
25383160 88521661
49770192 88779916
78655330 89018558
9905976 89270460
56232356 89511292
6136165 89782062
16715646 90012037
81973376 90255310
80657475 90522188
70389760 90760187
69233597 91010275
15493569 91267854
12168340 91529263
34900746 91778266
739723 92019168
88445186 92259901
26358552 92524445
2706972 92768284
27813195 93010714
72223140 93256541
87419613 93512467
77307640 93779132
35795528 94006381
83222866 94271888
38491929 94512605
72238125 94769881
76272520 95010279
22475750 95282737
88968016 95503903
68946149 95782003
49237140 96032746
279303 96250931
29207660 96529962
23093932 96768613
52492215 97002658
25725635 97267130
38638482 97507580
23884647 97751458
43489260 98005673
60439307 98282487
31220313 98512408
62676516 98780339
62055200 99024120
44602131 99254600
25969600 99528839
40901169 99775856
7817058 100008977
600
9276740 171218
24056250 352028
13121140 514496
82636992 693056
25978684 836043
44644624 1000426
12286556 1172536
67322068 1360324
47468528 1505905
89513864 1692942
52762638 1852007
86815058 2001780
28164472 2173146
28178815 2364837
64619920 2504681
48933600 2690019
2380171 2864059
27781950 3019578
3463088 3191333
16886831 3335477
41193886 3513234
4808080 3684890
41499565 3846811
28487885 4004378
1017384 4181266
63598931 4338679
94382770 4531308
44676828 4691980
25538320 4840655
40046632 5024960
23971518 5171498
49257695 5336519
37214128 5511209
34405848 5675455
2539468 5843169
34735480 6023689
12765054 6199165
56767040 6348531
13777888 6500709
57142392 6692491
54578716 6864266
62951641 7007919
60656384 7172317
33982380 7340862
66560142 7524385
19568952 7683955
64208000 7853967
36270880 8009162
61214790 8197648
40016103 8336394
35365777 8531182
66444636 8687939
25118216 8857167
26857013 9032164
79736400 9184225
10188197 9345582
53926626 9524332
44280314 9691573
87965744 9845332
46676066 10025651
72139824 10184243
43536932 10344013
48391472 10530820
43728529 10685218
62554960 10845857
86901342 11015609
83202100 11182214
940040 11346603
88432736 11528715
49694042 11698331
50015744 11865241
18769214 12004441
892422 12171146
37063419 12342214
21025594 12508845
33524362 12696656
27042562 12864425
32014576 13025309
40301360 13186739
26410984 13345095
96777296 13523025
80720320 13685933
47748146 13863206
15745364 14003783
96700864 14181875
35795184 14358280
23241235 14507353
15450720 14694565
17163192 14834167
39500555 15001060
57948465 15185666
97728000 15337021
6178432 15509093
44315890 15696371
30549773 15857415
33385911 16001008
8075115 16191186
11638776 16341252
21694365 16531335
22083276 16677983
33727616 16854668
43205120 17002330
67215112 17180459
2921220 17356520
53864358 17509384
13203000 17695563
75944004 17844143
36339887 18024160
67607540 18171274
17909800 18335516
19720456 18510763
79561674 18692883
76703574 18850582
35490697 19025180
7998512 19177382
19609008 19365240
47739008 19503511
75698920 19694079
94046330 19843676
80417280 20005689
99678600 20171598
51618501 20337020
11568764 20508750
99190175 20696290
63420530 20861308
32063710 21025065
23553590 21190282
14113400 21353191
51173815 21519186
17503302 21695893
36101820 21838012
48571192 22002267
53667873 22179352
40973189 22336935
88697754 22521461
17229394 22695406
51325740 22852252
56559160 23011381
30216375 23174074
24743296 23344936
33740135 23526365
81499370 23685096
36209640 23863504
70471278 24032228
71708710 24179448
59821346 24353102
49657106 24509765
28783902 24691726
2512640 24843346
61795296 25030464
25521910 25184834
44786280 25349024
36547728 25520646
13656780 25680246
33105563 25849871
63473104 26010842
23424558 26193809
88135156 26364264
62903365 26532582
50821615 26697408
59524902 26856123
72544117 27001191
38024896 27194108
57894590 27337689
85964536 27510216
60344312 27673082
24504346 27861965
8778940 28017957
78194692 28194527
22957242 28340605
54015736 28507815
39189960 28681567
3861760 28852409
63741771 29006328
14661 29181049
49635640 29360243
54382666 29530254
81793176 29677885
41819072 29844189
3996141 30001986
22643768 30195004
11507472 30351172
8407905 30519394
95616068 30680980
15072627 30854073
25092496 31020746
94809764 31192094
54929740 31352925
77154148 31530171
84553771 31675431
55938803 31851635
2521362 32006708
43306832 32184228
38198146 32351855
48836736 32508193
81533924 32670736
34160512 32859827
20361390 33007309
16451471 33172620
73248096 33338436
89867108 33519720
15812655 33677851
488670 33835086
33376200 34024892
34871540 34175543
18529237 34355396
38044922 34527488
86654200 34691449
38223376 34846832
52058045 35016926
36365856 35177796
87973192 35348554
13785855 35524462
30691340 35698307
45495571 35865622
61892546 36008140
86496688 36198910
37143632 36357743
56245104 36531795
28395659 36697507
72967004 36833554
2613385 37011167
13450515 37177225
3973716 37337081
41862053 37507238
38224260 37687976
61359910 37833217
79530120 38021687
63008664 38180337
86695272 38361749
49011663 38519306
9812624 38688515
21492257 38865615
87446636 39026950
47903704 39191687
2262446 39334009
23530426 39527022
28935376 39683014
6964485 39865531
36221346 40025004
61184205 40192823
93713231 40364075
25996266 40521043
50561920 40686687
20724480 40835583
7989120 41008500
6518482 41173172
24702100 41354495
39660794 41505390
56140897 41666910
8494368 41845894
75747805 42020580
30783974 42170542
85253978 42351367
27418621 42503296
77933694 42696393
44112705 42850391
74834368 43024392
89175296 43169909
1485170 43346312
50202780 43527322
63953530 43685837
12049100 43833759
99007234 44018969
21822934 44193197
98093921 44335414
27136684 44528426
58056052 44667341
61930272 44844918
46766919 45031027
35814044 45187587
13192649 45344710
21896714 45522298
4479720 45689628
81706692 45864930
11905751 46005433
97152839 46170119
18597567 46342287
2867974 46519701
77819288 46695911
28539540 46843551
40468370 47031438
53912699 47190158
9943817 47364697
53717318 47514536
32194580 47668760
46625985 47853487
73653831 48011611
73178668 48194898
8676358 48352391
19693942 48532309
955570 48666938
64706345 48863175
47546854 49020139
50601212 49175714
15246000 49363520
41706187 49517721
28833544 49691045
11591140 49842190
29014500 50018800
8363717 50170727
47188860 50335814
16324522 50515760
37900269 50684542
7405766 50843601
65276602 51005864
27968512 51181001
15764390 51360401
72098950 51509406
67887308 51687501
10879052 51848721
96944215 52025659
40675570 52173868
1813610 52347128
78909125 52502597
23505705 52675128
17689326 52844055
24340480 53027210
20775242 53182832
76787152 53358182
49977570 53510700
34508239 53672478
26754803 53849464
32287276 54006917
87352320 54188175
1133989 54365287
51681248 54503532
91869900 54674991
37760968 54843179
33310976 55027016
58817152 55175949
83618944 55350553
47564790 55518298
22694219 55690420
1172524 55836314
52623764 56030347
58504738 56186581
8397075 56334280
26372682 56519647
55368512 56677149
74256865 56839901
50946489 57024806
88792628 57198976
5129846 57354419
79771300 57511082
18726400 57682836
5176628 57865601
99227824 58029243
40365899 58175507
91615938 58352340
97767008 58508825
68623033 58697892
66987248 58854783
39475616 59027141
33061945 59194808
70020690 59357857
81737330 59507723
37214760 59681978
84893200 59838037
39529230 60021918
81454992 60195068
75234852 60351258
92128292 60520445
70364588 60691330
99520048 60841062
54123922 61016888
41740014 61197976
8357760 61352615
11668896 61504285
68693678 61672820
1816636 61846269
90483520 62013335
13763974 62185947
91449416 62360466
111152 62507833
8283696 62677511
18326556 62858675
330873 63018329
16262588 63178267
33094200 63341592
73553697 63530421
1302232 63693679
78430704 63845891
33170888 64009932
17520656 64174562
97132013 64337011
57463830 64524011
33367440 64679622
89909400 64865106
48351512 65022044
6771460 65196981
25507708 65359173
84813570 65522082
26360215 65680912
19728860 65846967
47275080 66005347
51690575 66195875
84816078 66361160
15421280 66515332
29754680 66672009
88320355 66836801
30563959 67028643
88151040 67172348
21525930 67362101
13132080 67511473
59873504 67693575
20627226 67840661
56381195 68007663
68071966 68176094
9897476 68342591
62633087 68516843
28897500 68691593
54272500 68837140
23204600 69028050
50982825 69172614
813228 69356438
63914889 69504493
89814374 69695777
97041246 69838826
59160160 70031404
41183309 70177660
496545 70364612
2909442 70529508
89613930 70691805
35373356 70859960
9772748 71009573
11154323 71172883
40283820 71356146
38088682 71513642
68548221 71696476
3970076 71863732
51593795 72026601
64194623 72180185
65100937 72352589
69629212 72522674
2034296 72684849
53061141 72851061
24624494 73016064
32812571 73194220
10373204 73342244
1518123 73509827
56217460 73686592
59228897 73839817
1015680 74028612
25435667 74192968
18633674 74357878
24254880 74530041
13785627 74685882
49258178 74835001
76062468 75009734
7863504 75187085
667629 75342347
1875835 75531681
89577480 75681642
54176350 75847226
53604447 76009500
89678635 76167635
47242350 76340047
75994520 76528872
35448675 76677224
41217748 76861458
99366560 77021677
95241344 77184385
26018633 77340799
54636014 77519230
40780554 77670251
59498449 77837047
96267575 78009537
78680736 78178882
96322112 78345459
60516116 78529430
22289835 78696028
57068785 78862331
37168795 79024977
39789598 79184524
9944865 79335811
19682181 79503722
39750320 79678418
46182200 79857846
11481400 80029680
91524030 80178013
16396674 80358235
44058118 80531628
55585728 80673691
48350080 80854746
93370010 81003464
21755139 81191438
12666625 81352123
43243952 81523853
21605390 81684358
15111304 81860623
68584565 82001405
58744896 82180467
24768828 82361203
3006564 82513731
87626786 82687491
993960 82860231
76243581 83016437
45771264 83166885
3880502 83365151
263040 83506989
63584151 83692120
94736498 83836907
57748707 84002896
6869754 84192029
15898021 84341613
73677920 84503309
74351020 84695677
29225484 84844177
60134224 85010527
16268544 85190931
97156272 85338352
55872440 85501425
41629632 85698776
2071877 85848606
48130455 86022165
33184636 86177854
1700096 86353236
11680524 86502073
29498038 86678642
98542185 86865021
3875226 87030979
86394730 87192673
53362400 87362537
17475240 87515238
40696455 87666789
14224261 87852369
50287791 88025901
241573 88198221
52663320 88336866
53320520 88511378
91416442 88683394
53880079 88852560
32005750 89026472
35653624 89169731
9734000 89345209
3572150 89511617
11832200 89695113
61417664 89860132
40221715 90027882
30970930 90195925
3053276 90335125
4133341 90528361
53442354 90678130
60826752 90860174
3179484 91030836
82191670 91193020
27032818 91352751
72054125 91504357
72619160 91681414
2246454 91847059
54005888 92030970
83348991 92181819
72592464 92344830
89151260 92530100
44165462 92697189
18260496 92849922
70223554 93014076
32487935 93197829
33312284 93365429
64982872 93516967
89865445 93684779
12368538 93850264
59751920 94028066
6028992 94172354
93587504 94344539
64969781 94512373
11661292 94691661
74621830 94855296
91399704 95022240
69580970 95168425
78718301 95351425
20834795 95512911
75958876 95691499
30759700 95833360
3348350 96001582
61964442 96166859
18761000 96363111
99624661 96502111
12784448 96696994
61111420 96842728
1344344 97029591
44361731 97192948
14168590 97337353
73159358 97519200
24325945 97698350
85110846 97858528
15057152 98008487
22966765 98173791
50515680 98340463
13616928 98511797
68828595 98667348
40904325 98854509
94397800 99024327
95254524 99176589
58176133 99365687
55542142 99526555
910450 99667944
51571276 99846234
30474188 100028358
800
206000324 101027918
259382276 102023552
238726616 103002893
272076640 104012793
202588993 105000264
291790044 106005798
235754376 107002753
288809500 108023810
201218742 109013848
299934064 110002887
266913175 111031709
212003204 112026621
215037984 113019746
220188127 114028967
252588430 115011512
223568837 116010850
230222192 117030874
293027740 118020563
210087601 119032306
253754140 120011967
208827920 121001665
256509392 122025615
267472608 123004108
275215582 124006214
205805746 125015007
263189719 126026240
278681653 127022597
263909784 128016281
207770388 129021762
218993712 130012693
240758062 131014582
217900396 132004820
237717833 133000182
229731737 134024890
201618100 135030192
253411680 136001243
233370594 137009925
220337680 138025280
260338101 139009301
288021088 140006117
260484138 141024945
202573136 142007558
252453664 143028789
213120600 144020296
223972584 145002992
254420048 146008428
209972528 147021994
232906260 148005254
228902123 149010472
236280850 150000889
208196956 151009718
228532129 152023448
257801600 153008427
211965994 154024394
205358200 155030748
208520940 156004730
221580495 157003125
293569176 158006077
237332408 159024828
243202855 160010231
204674212 161003171
272795428 162021598
272681324 163002931
291521025 164013749
248206790 165027895
292633774 166023825
270708936 167004083
257452342 168006531
251694764 169002122
230331779 170017280
205961725 171009759
203493905 172002529
279446810 173011473
212030668 174001479
250746027 175003242
213210988 176029136
217796975 177032404
285778001 178005725
246414760 179017264
266263608 180008155
233556764 181004330
287811232 182030021
201825239 183029653
298761978 184005221
240772800 185013433
205938340 186018038
204066421 187009053
270340235 188031540
218034122 189013677
236496568 190004487
259790188 191003212
202516599 192007230
213034802 193001527
255793647 194005790
219538443 195014848
265299644 196020403
297982351 197004361
274290211 198025754
209293520 199016332
259275440 200016714
273990327 201012623
223656675 202007295
244541620 203012054
201659012 204003791
200579620 205002160
253174259 206003617
293366552 207008179
241402060 208003564
253203824 209012933
209375397 210006675
299427840 211028034
200946904 212017719
206199734 213004570
242329776 214001234
298435942 215000070
247576687 216025725
232899126 217012003
204019232 218010029
257509926 219017096
288487410 220018508
264509792 221026753
233350020 222010231
209600378 223007277
248756300 224021702
200064904 225028789
251922845 226010991
255385344 227003732
256567902 228013220
240894776 229020516
203980538 230008431
225597409 231020467
215355240 232016776
219213163 233029068
201151328 234009555
219411292 235000563
280863324 236013959
284178900 237026758
226498876 238005292
268370550 239024009
237161888 240022006
248912122 241030781
200605440 242018597
224036712 243028695
286172406 244012659
266346328 245004334
291243878 246009525
210867990 247018370
245721160 248019255
252160014 249016865
266863896 250025350
278156610 251011093
281197982 252009114
207318120 253023463
278376659 254017188
274917530 255013846
260376152 256032231
296977460 257016021
216858960 258006121
207423796 259030504
232131640 260026721
211670967 261004480
238023496 262020263
268477932 263028386
234238278 264021397
241540501 265023737
243623940 266027031
256031090 267001645
254119242 268017633
267278790 269017739
280190336 270002945
246002309 271023972
208824593 272028740
212544110 273025715
236891316 274004780
261180977 275002855
208308880 276017767
227572784 277030560
290362654 278023944
250646758 279010945
237022768 280015340
208022933 281025387
212014555 282012185
265385504 283022011
228578810 284027382
246955464 285018713
261942001 286024358
220732600 287025344
214602576 288014328
230803274 289009999
293284250 290014370
246987772 291001459
245930116 292010434
295978765 293016469
200319200 294016474
264342382 295012046
249131772 296009416
283397039 297019087
229919680 298018656
240959358 299018109
300000000 1000000000
300644860 981123836
301257792 911800369
301879794 932130688
302512032 954372812
303126637 967246639
303778233 998189726
304402570 978430763
305024615 999414250
305628288 930581466
306281255 929322844
306891671 951158254
307506374 910137290
308134262 931701124
308765755 990184456
309389135 992197279
310015505 999269857
310656142 936976642
311253485 919593536
311894036 974121784
312520719 922895064
313150511 966759443
313782497 963631149
314396351 942295700
315006707 964590706
315640918 988860663
316263928 981784978
316897324 913227700
317518231 958673946
318129217 904442487
318750003 998156404
319403014 925130176
320010746 965969185
320651611 961326316
321268432 911307306
321894099 918117000
322514428 956808672
323130218 942177077
323771039 974911236
324389697 999339286
325020759 958656954
325637624 991258204
326269348 952173242
326878898 947445691
327500257 958972596
328135422 999828161
328754674 968035680
329401606 955865081
330017536 996941120
330631895 962874786
331270342 994714172
331888552 991048614
332500333 967007997
333147491 941602358
333766370 972406734
334402523 906392625
335013420 965762407
335646841 956302531
336268076 981620704
336899141 998330024
337504202 921330057
338145170 972458220
338759559 938875130
339378620 955481270
340002009 949419046
340656307 994834414
341280752 965024605
341907279 955765051
342500009 917574911
343157403 994458809
343770075 924084305
344397207 981491858
345010247 960447472
345630765 971710960
346282446 913692840
346900799 958946584
347512251 962436453
348128543 965677240
348754239 950767086
349391058 984730101
350023548 986060335
350625764 933600704
351272619 994944608
351882691 912497515
352512567 965480708
353131734 977927304
353758711 952747875
354389185 923684237
355013313 977001146
355628711 935340007
356251402 947535706
356882748 966631032
357531225 971502508
358144009 991705672
358766762 991318250
359407667 991250700
360001314 957396576
360655515 909921480
361264535 967391878
361891391 965906105
362510559 967241824
363136791 934528610
363778021 997193816
364393700 938638800
365029871 936829025
365638329 989350852
366255774 940082966
366879510 995741632
367522956 979045172
368154098 952659238
368761240 950309375
369386762 929713934
370005055 996979660
370628685 983239093
371251091 924174050
371904318 949797740
372501415 959582925
373149088 992230427
373774998 900503698
374405323 980226608
375002730 950168100
375627895 950690680
376252042 960835356
376875241 983185039
377531258 903288838
378135997 964181954
378764823 939051676
379386818 927959663
380021645 976478479
380634539 916948403
381264317 909296929
381897339 999583516
382523350 972048292
383133174 978136181
383757622 944861100
384377472 958076303
385002760 988881508
385646899 977494528
386264844 996622480
386881551 910972207
387513996 923112741
388126605 983165280
388765301 991137385
389382151 908139188
390016512 945517513
390653098 986494856
391271286 955065114
391896305 962699185
392510195 997853134
393152218 909362240
393758007 958025760
394398543 912369756
395028191 911750259
395641729 914448898
396251811 904458125
396884260 918373850
397502823 956280320
398136518 931211072
398772547 958420288
399406275 924018078
400027857 942946135
400632956 946326927
401268316 966296748
401891035 992246208
402516678 967777810
403150928 998673306
403762758 951333670
404376515 952425404
405000520 901655483
405631796 915952825
406263311 971990880
406888450 962684054
407500787 935098393
408129546 988558066
408781647 987949306
409400353 922884932
410031479 961894048
410634644 991806820
411276877 927338125
411880372 992660280
412517717 940721337
413131675 932945282
413774419 967361346
414378918 918429250
415022552 917435798
415656286 994771760
416274510 960003092
416897988 937396264
417510999 952808128
418133309 998490496
418768809 977768530
419389324 958808686
420002217 941775510
420646309 926507144
421273962 927551554
421884471 935478446
422502631 904556710
423134014 980578582
423774604 931517356
424382980 930900094
800000000 900000000
840790984 299031615
828542446 298006158
896729356 297024841
895808270 296016856
811086257 295004445
861721632 294026927
880806240 293017636
800592664 292006625
851187056 291029874
856440670 290008922
819486720 289002506
831568467 288023147
892643036 287023509
815524411 286028074
851947798 285008350
883045120 284022175
832418804 283032758
865209023 282010291
819639800 281030663
831152472 280012319
821888080 279010879
842775244 278020048
813713787 277009765
882341345 276007795
830281600 275015529
804013760 274031664
898514975 273013906
842628850 272020405
810848188 271003420
813457925 270021923
820705814 269003613
850360800 268020091
873411936 267014668
846037376 266026656
859789917 265011843
803216984 264006405
896515120 263016720
844286528 262016922
813783980 261018031
829825339 260021927
821286685 259004869
831241090 258023812
891960574 257022900
852833872 256020600
853647172 255022435
839478685 254007074
871826608 253028105
845703780 252011835
837636018 251009502
886074530 250027666
844918808 249001604
896180860 248000141
816022348 247028032
800282280 246022810
831072419 245024347
823867146 244010063
800391314 243018565
801776200 242005810
814289624 241011031
850338006 240011094
883241245 239029560
802543892 238021972
864889756 237019737
813933835 236032337
880759251 235009036
843871525 234027523
856215431 233018898
850024744 232019450
851588085 231001278
882207225 230005913
808805075 229028094
814308360 228018559
810310750 227002089
865444725 226029652
850724840 225025441
817934681 224010290
800103664 223020458
820383316 222024995
804366500 221013765
800145204 220011375
811740875 219026101
810260636 218028973
838992402 217031539
884950912 216029134
825566112 215003064
809247400 214007971
803082124 213009264
863006459 212027530
837420078 211018223
884227114 210027334
843537647 209010939
815667515 208014384
877748072 207000584
812271021 206005050
826214440 205007620
855467118 204015242
802757862 203024952
846785147 202002829
820945660 201017646
801963576 200010701
820524660 199009438
807101545 198025474
891275982 197022665
807635900 196028674
883654720 195013591
844845781 194019746
890914719 193002506
810238718 192009650
818266208 191013857
838789760 190026629
805051433 189022348
889239662 188029652
812057116 187015476
890094400 186031324
833214128 185027083
842129800 184007419
877201440 183000094
821335812 182021954
839840332 181029982
836181086 180004794
891026700 179011167
845420516 178030660
827798058 177022901
813155564 176017499
834005487 175007493
809237690 174012717
887237255 173000212
874054041 172004800
805167100 171016328
872896355 170025495
850699454 169013520
879808520 168005529
895256838 167019816
836583500 166005806
818699342 165026760
816434261 164007623
868222126 163007878
824005156 162000710
814407974 161013029
880670511 160008462
867002119 159024513
804159584 158019231
896605675 157029973
898611165 156031489
807013832 155018067
830020224 154032375
836979225 153026948
849161298 152012074
801583987 151010539
817786314 150009809
827642620 149005532
854957181 148006265
866564988 147003276
801442276 146029059
856708216 145024447
822704197 144012783
885258849 143003046
834735712 142017925
868681270 141015107
826914032 140025739
887947564 139011827
829531725 138017912
832814046 137012974
852943242 136001651
808465740 135003862
860445404 134005109
868641036 133017267
848894790 132030566
869583968 131028207
840106886 130025239
855591623 129018667
824769724 128001632
870092021 127001602
823129097 126006987
861684802 125030167
806799360 124003215
851968327 123017993
862491020 122010326
817169791 121005334
826240615 120026998
844934118 119018647
803087108 118011814
813253355 117003426
880014478 116019551
809324698 115009647
831090236 114016349
882308000 113026896
866885000 112030469
868039127 111031140
828229376 110023322
833452616 109021768
814698706 108025985
882742306 107016562
856764160 106014090
804097649 105023490
877251420 104001909
884912002 103024157
806525660 102012975
823380500 101021250
800000000 100000000
199024774 14461913
198030850 12074501
197017994 12524851
196006627 36378469
195032234 40897281
194010126 60539540
193005895 2636676
192025839 21013301
191002717 59292281
190011451 54370920
189025887 28050241
188008629 84493156
187022322 47832121
186024890 40407025
185024712 57058861
184028878 40626561
183012109 75418969
182015331 85772967
181021477 52846737
180027023 6562433
179023531 22858033
178010733 61757619
177006322 97017317
176026976 78660828
175005300 55906821
174011244 5502316
173022707 90619852
172015711 38510947
171027775 46903745
170029451 25993033
169018585 9893427
168000564 59710681
167001318 69165950
166031369 84362533
165018422 24874873
164022070 81870491
163005772 80731533
162022905 60027733
161004707 65391901
160014783 88648891
159005355 84942657
158018613 64948701
157028142 54677299
156014796 30905656
155000609 66948429
154006435 56357591
153000713 58349136
152016600 65019079
151014269 37761569
150005675 82948809
149018480 466310
148010745 90676295
147012422 71700657
146004215 47800911
145012955 11945695
144029243 17537257
143009804 26677751
142003309 81741365
141003876 69917301
140009276 80037921
139001842 10437695
138021481 93826209
137014394 32975811
136023048 70565449
135005051 73660719
134023743 6135157
133003975 21898139
132028982 1237464
131012245 4049179
130020848 7531485
129026910 65231296
128019778 8327157
127013091 24366431
126009899 16809492
125021480 89629649
124017453 77421791
123017550 11104013
122001030 38745601
121027471 5204310
120004434 40535721
119003341 11449541
118030844 60356137
117007724 41674407
116027275 27487101
115019892 85841791
114014122 90225100
113005870 70713516
112004996 27593627
111009466 69236936
110022598 8321197
109012556 51646751
108002910 20122881
107003919 43967555
106023135 15120421
105010156 38583301
104012423 53911473
103028382 1896760
102024539 97246411
101027028 38963315
100030424 50134906
99009886 96156269
98025772 54997951
97015952 7466113
96003056 40654303
95005278 72021241
94026708 25194858
93010404 38469181
92001487 37497921
91030609 91426101
90018460 39581685
89012851 15021826
88030645 27623626
87002967 3108646
86017808 3380979
85003184 851833
84002364 54214001
83027213 69486195
82030014 94688235
81012997 80080986
80027572 92148044
79031256 85995726
78004526 58157176
77031234 64753231
76018878 14858905
75030894 86337764
74028324 16630141
73014600 38368892
72003372 55598709
71027876 32914273
70002196 65535173
69030389 43689345
68005911 6051726
67003006 86362621
66027750 2791246
65018705 30912041
64017984 51535097
63023732 69334849
62029546 6065170
61020922 28539105
60026539 440283
59010561 94716566
58003998 72160515
57000908 6738515
56028025 89457141
55000945 70478919
54009246 4948401
53007573 16455641
52002054 82586859
51028971 49401535
50009707 21207096
49001847 35754777
48032067 2972945
47000764 68969681
46000223 50739571
45031134 10255844
44023124 87435768
43027430 80736281
42031984 15337097
41008804 8774354
40023404 48944625
39022568 87409356
38008100 66395305
37011138 44845203
36009704 94848125
35009231 9068121
34017876 14368733
33021626 4014001
32012459 39873184
31008892 26396665
30029092 17546633
29002242 5477217
28030392 83250136
27007031 31622811
26002242 17124169
25008051 89778835
24020501 68831933
23014772 5074047
22032478 2785157
21012337 44651112
20003294 9409889
19000292 95844198
18010345 53624938
17010589 57272337
16011944 86394817
15004351 28067676
14012688 3380337
13004985 47201816
12023575 95770801
11017040 18343455
10030075 44031592
9011738 25145485
8027330 13676134
7028417 88278273
6012738 525673
5020628 30497345
4006982 25092965
3026727 40320581
2021039 20051871
1016290 61458889
0 1
1000
277301360 100806557
284671600 101617806
299530230 102402221
272506629 103209473
264436224 104022216
262964661 104818825
284118554 105618283
283413476 106407216
268567912 107232485
215319064 108012719
228484743 108829084
294656040 109604241
232166204 110415116
216858856 111209020
201825760 112024365
286618135 112811391
206844200 113629758
209292862 114405492
207415238 115211312
262211599 116008662
211688704 116831782
267355820 117605153
215997677 118401473
260680824 119207437
225903752 120014638
248003610 120810827
286994296 121614391
209931098 122422158
213414608 123208645
212563909 124028985
282024288 124827279
239172110 125624152
267304048 126404847
262704700 127232680
235463140 128013076
242782894 128832215
212036272 129619980
269195542 130413642
254483236 131229011
257229228 132019459
200785268 132810733
271974225 133607809
202350360 134406462
279893112 135220407
230939644 136017172
262069885 136827740
232325720 137623454
292759056 138419538
253067077 139214154
299598866 140015570
274971741 140822461
285622635 141605268
221089805 142414438
285541846 143212093
287646830 144016980
295331288 144832689
214515292 145600603
284520160 146400281
207430352 147211698
235355115 148023738
270363278 148800131
255425000 149612029
204891990 150424365
227180480 151200045
296501740 152011818
231757940 152821977
234312159 153624014
208668735 154418394
287130630 155232350
262901617 156020593
257661600 156809783
203817922 157612536
258922490 158422260
211115995 159219737
286165042 160012247
225185390 160823687
291615788 161627358
236000560 162422449
247824341 163212113
220313019 164007656
267728388 164832683
213151088 165605091
256970188 166416936
210933384 167228602
242002828 168027230
280070870 168809116
215829160 169628591
290349852 170427382
212282452 171220340
276862090 172030152
275248672 172811056
295883504 173607245
288322955 174429231
201436602 175231057
264489472 176017242
260862408 176821441
202219802 177607976
280305170 178428761
228370285 179227376
281930121 180019073
280155642 180832276
240441732 181624501
206491058 182418095
234689193 183215114
285616730 184022228
249177932 184822189
290428454 185611391
278329010 186418298
233714536 187205571
223957504 188002802
243632350 188832734
270662500 189618999
205675304 190406971
271843168 191201248
278206699 192022408
231920628 192827840
277580652 193608808
218334592 194422516
270911058 195222634
214177520 196008402
225675172 196819280
299486299 197609104
254853380 198429129
221649668 199222462
265248874 200005155
297955163 200822509
204396096 201626286
220482604 202405129
219538881 203219903
255397718 204031584
250577062 204820628
229562567 205612613
217669945 206422406
294808190 207227600
222145180 208001876
247075344 208832302
208605386 209611876
252243776 210422646
264159633 211206735
246052552 212001288
219348425 212806938
249024261 213628631
241455848 214418141
290350200 215207735
286688530 216003024
271878693 216832255
276134450 217606134
240455324 218410527
248344857 219225818
281146002 220030463
209966948 220806942
234234052 221601854
281984375 222421705
266111728 223210665
269526620 224022165
216427674 224813702
259576400 225630645
279565784 226405769
248758490 227227839
214717992 228008192
282948712 228821960
254292864 229610022
290247412 230406353
257935771 231202974
220579500 232002318
263775280 232816761
213429173 233628861
245471631 234412895
232213076 235205755
242476832 236029613
262442800 236806238
263382648 237628072
234645008 238417981
219580246 239213336
282875310 240020967
286339374 240802785
278720080 241601859
298322730 242429050
247241752 243206024
242862830 244009807
216101960 244810765
243415190 245628532
202587950 246410850
223738244 247210289
203056824 248032437
244942537 248811083
271894260 249617069
272808546 250416413
241136255 251208766
288855252 252017629
218516000 252819751
207707544 253631387
284699260 254401819
250760320 255210211
285912660 256025023
249507906 256819714
204652908 257601282
246500630 258429032
265536002 259224450
248697764 260013203
242473530 260831730
208813828 261619849
284256818 262422981
233492581 263215827
229294242 264022146
294594263 264818797
223275600 265617043
278507360 266409517
274801310 267230572
281573760 268021895
242372541 268832344
276840649 269618887
268177996 270424153
258825870 271229707
255233604 272019662
207442478 272812708
207354044 273604077
269458968 274420398
264796460 275213096
292086028 276026106
267465901 276803349
229403964 277613985
229764578 278421373
238722160 279219157
254311708 280026000
219507800 280813775
219203461 281623927
292819160 282419692
248541713 283212731
224450560 284020565
212544540 284801083
218054996 285600450
205474710 286432673
231480655 287203905
275088030 288009626
225614982 288805633
244915245 289632578
255892725 290425999
250401234 291203705
249246464 292009746
272552152 292831266
212360200 293609312
247911705 294402174
274397840 295223808
251275564 296025109
286265150 296831612
281557390 297607419
216244876 298430094
271576750 299200841
300000000 1000000000
300526385 965613196
301006934 924377770
301505691 956602518
302020717 988042540
302518382 975447001
303026486 949388044
303503895 957149080
304009406 955851742
304527584 982406654
305011754 919067696
305527362 949464420
306006250 982216000
306515094 902492136
307003735 929592628
307519587 992221209
308029827 969089920
308510963 994977061
309025842 983949056
309525757 988573790
310018344 959929520
310517383 996531964
311031123 902517764
311516486 985658493
312021625 916383300
312506669 914436472
313010042 953556400
313529061 952362796
314012477 937799595
314504805 953318533
315016161 930554240
315502570 993601568
316000466 939144520
316505587 986408110
317014468 906031784
317510418 947599336
318000596 952854817
318501047 940208860
319030574 937699300
319504443 954776320
320015632 929083883
320504271 920840360
321014022 934060144
321503525 969949535
322010538 965844148
322522602 923214435
323024985 936367395
323504746 937884980
324005005 998300973
324521199 981240400
325026536 944196828
325525695 913410850
326000403 940661980
326531534 990726612
327022836 918398325
327514732 959479999
328030965 938621413
328518820 980023094
329022025 954365264
329505033 931384865
330022772 901316830
330523414 972898004
331007112 951998055
331519866 968171489
332012488 910410780
332526310 957638077
333016249 952521299
333506604 947394892
334016200 952193496
334521049 900424528
335024143 972773914
335527825 955623622
336002011 969762374
336504269 967544786
337020925 970808902
337503961 949030228
338010398 989158320
338506773 948223296
339012986 957727574
339522289 995637360
340024022 983016208
340508440 995743092
341014416 970883976
341515200 968271472
342024215 992641600
342522665 945006136
343015723 939245744
343519136 964297951
344032437 996392352
344529832 952426732
345031199 966908992
345513754 979340314
346016874 983718720
346512729 972425475
347015034 985222030
347528422 970221090
348019529 993287320
348502787 933400212
349009675 925974148
349507106 977292960
350023522 982595808
350529612 941599828
351021617 902091012
351520465 981183876
352014262 972381025
352513747 998399104
353020905 972594565
353521302 946496160
354016349 981503040
354519439 998462541
355018258 914758840
355527088 920469672
356002804 940695082
356522599 949338474
357026306 950799980
357524024 967208560
358015564 973318564
358503953 938486572
359022670 937804050
359517594 987083706
360000593 921122500
360514095 921902040
361016277 999179632
361515601 961691788
362024248 935486720
362504615 931056324
363006990 957767131
363508198 945018645
364013804 951605415
364522306 973327221
365005458 907044208
365525802 910381550
366016441 944228662
366503559 985000908
367001580 922596324
367511731 962131102
368021305 984005995
368528089 979223671
369015712 981610128
369516436 916569840
370011263 935720066
370506959 975929600
371022713 986419000
371524191 961334787
372009858 983772074
372524499 909754040
373014038 929028346
373517407 978457994
374003659 956197325
374514174 926055084
375020726 923087692
375515410 941430293
376029794 978953550
376520753 923132421
377002051 950349824
377504741 986235520
378013941 998908832
378523767 996354400
379012509 928682524
379522098 907817088
380009033 998643862
380517530 978589438
381027624 906515280
381512062 947374025
382026725 935485960
382510851 984753530
383005080 939902466
383515630 982838046
384013565 984633940
384519126 991588124
385020411 980081320
385516811 974524665
386015900 933622545
386506830 911512550
387005190 932459106
387503287 919295612
388004117 965819090
388516949 994933198
389008292 975270854
389527150 904179388
390022827 944450010
390519399 968174749
391016635 951973920
391502528 951956782
392006526 977806092
392509863 995244024
393026625 970004655
393509133 938706789
394025657 992978454
394522178 991062212
395025279 985513668
395519363 940336853
396007673 925762784
396528644 988190430
397015204 951116720
397514581 994640040
398025727 981612224
398513976 953273600
399004556 933540788
399530813 958176360
400002969 975640276
400500675 911282608
401030609 923934350
401518131 959405580
402023373 988806500
402516611 997585874
403006994 936164340
403504238 994336048
404031559 908453706
404511973 998937209
405020291 971055698
405520539 926260124
406014212 970433242
406511300 925847485
407014069 928533444
407519068 909310280
408002623 937496936
408516233 946414114
409010342 955069560
409524995 999000759
410005916 931660976
410510208 977100212
411003148 985364717
411532175 976104044
412000915 949479830
412506743 912592182
413018845 962779840
413517543 999293344
414022686 954254664
414501020 931418250
415002145 951730650
415507797 996740024
416022949 975436747
416528536 995048236
417022460 975109497
417517124 912602409
418031913 986480390
418526695 965551786
419000822 918989122
419518781 939824075
420028591 933415800
420530810 974315892
421009036 954199968
421531423 913520576
422022383 984710616
422507151 962058220
423013628 957868473
423524254 986424500
424013117 999682028
424518350 922293955
800000000 900000000
828653292 299217639
841787400 298401563
813404160 297623831
847247432 296827630
810500809 296019628
884921411 295208689
830364395 294402161
832334624 293613873
883504052 292814697
893002335 292005504
899849050 291207741
887691710 290400721
884959528 289623649
897748265 288800868
869160362 288011476
879070472 287231865
807059272 286406599
820090381 285601479
809729256 284806542
864429890 284032746
862261328 283202219
832836828 282424703
849222006 281610191
845317128 280828083
820346875 280009255
830131924 279224933
882821330 278408018
844946876 277612336
888222711 276831178
807122632 276002807
812160575 275207604
889000490 274412743
833235188 273600325
825542668 272825905
825789250 272024387
807376148 271216225
866324148 270402387
883737112 269604263
848104608 268802823
824152580 268004903
838831100 267226093
881151312 266430694
856842500 265619985
848929984 264800894
810728574 264019374
899693585 263215117
860369942 262420995
805943750 261604676
869904596 260801156
800210762 260012710
834726965 259223264
861814090 258422603
810350144 257627032
886704360 256807882
864634928 256006164
800065424 255202326
847349464 254420094
849295716 253629556
822344104 252829894
894949234 252002770
808339286 251218848
810139364 250415140
808583396 249629533
827362736 248824215
888384436 248001511
844739586 247203767
879497650 246424656
812144800 245621727
826170688 244802475
891446592 244010629
899277905 243226673
820850842 242419014
859094100 241607901
810414800 240831932
801445072 240023804
871939915 239226755
839569296 238418546
803120247 237623803
813919048 236813980
863479000 236010150
848607500 235228946
829596375 234409778
878471250 233606846
810735756 232802963
858257440 232016129
895918812 231229112
840587070 230430681
859684580 229622974
878174307 228814668
897046618 228015021
827749385 227232637
862332764 226417192
862941520 225610808
820473050 224803218
879309706 224003035
865052888 223216025
846305680 222427367
869142013 221606182
815848194 220815509
837920023 220003871
808072675 219201099
897196070 218419075
845832854 217622215
865540660 216812998
856278560 216020816
874686160 215217016
843944870 214413397
849210956 213613720
893331400 212803652
802735236 212016423
846423134 211220086
879792781 210409431
835496856 209600393
878592064 208827362
826197708 208012161
894416064 207207801
811043700 206410622
831702890 205602371
851072658 204822518
890838100 204014563
815625150 203207082
855083694 202401930
841472617 201625295
859394426 200816106
826105226 200000298
838885254 199226682
801352004 198429960
858820924 197631750
846676224 196823644
859595288 196031478
862907955 195217515
867620734 194405336
853941196 193600972
884057750 192830104
804726260 192016801
886774658 191210207
806959901 190432350
850336468 189619346
867955040 188812662
890330276 188012917
899880384 187211452
810067568 186424457
870952308 185616747
859528099 184830223
805648089 184027650
873341547 183227439
835153075 182425472
814904732 181622964
849058284 180807591
891467404 180014689
814897204 179232067
843562286 178400958
877805329 177616559
896351827 176803712
821190368 176013844
859019458 175210192
878060375 174402062
827032407 173623316
857361717 172828858
860916100 172017687
874935836 171206750
821125432 170405278
827426050 169615403
887024969 168820676
833137387 168026308
861023600 167220668
819546095 166418326
839753360 165602249
842550676 164815135
809548280 164032387
818493098 163209653
834715410 162427346
803358372 161601907
884948112 160823064
887867818 160027473
812481603 159202950
845413996 158431380
873873800 157630353
889623683 156829973
857172304 156018942
848533368 155225621
861806341 154431242
858408440 153624727
853340675 152807045
803552498 152001907
820897613 151226634
890198770 150401187
844898112 149627538
808995568 148819581
828137422 148005655
807136192 147229898
835784447 146419458
837942360 145630982
848059910 144809878
899430752 144023595
821407334 143229082
853338188 142424525
867424805 141609705
813982531 140815231
812974220 140014524
837703847 139212460
815158457 138409667
861283198 137622123
826758809 136811879
806589553 136022016
872100417 135229389
866113204 134423553
875779428 133622900
816649024 132802903
853268374 132016510
851633004 131205782
805755875 130416398
822826780 129606496
857435968 128826423
813193375 128011979
821675365 127225970
800266958 126425358
839123668 125604254
875045640 124819926
808669660 124015336
850070735 123212302
887116510 122428219
818028920 121611024
845807625 120818177
812920140 120024683
865758758 119222104
828994300 118420675
808618504 117627154
814495811 116830079
899223936 116025364
853994086 115209269
806053554 114407920
895507264 113607196
806870050 112828617
890130794 112031983
873171112 111204332
834886728 110409211
806325505 109604256
838872695 108822354
844694284 108022545
876177983 107204196
807302954 106424689
812902112 105628253
851534200 104820636
832791116 104011806
833913500 103216607
836000915 102418615
890913617 101619132
842542053 100823193
800000000 100000000
199203424 20872501
198429299 16476287
197619909 67524525
196829566 95498976
196017001 80306746
195204836 52257701
194414360 190680
193623920 26414957
192809323 63710045
192019987 47264976
191221381 22355501
190414077 8492017
189628869 41468825
188808229 96862701
188026859 9940971
187224886 47316601
186425760 22555091
185630236 14369501
184804202 36212416
184005277 46680505
183209066 7099449
182411978 78389041
181610364 19557777
180808494 76135951
180001424 37141121
179207418 8174977
178411089 72451201
177615789 68846861
176819322 61194685
176030428 42492450
175232362 469151
174429233 6904875
173628876 34434442
172824241 99128097
172006264 12963921
171227120 99255122
170407130 51345523
169628856 87657019
168806518 8735078
168014412 23209820
167225963 89802961
166400600 67902344
165612548 4192401
164823838 98680707
164029874 5975641
163232398 45917721
162428422 55882319
161605185 35326767
160811145 13924846
160002968 6481432
159223165 85818446
158415458 12031697
157624303 89702927
156826081 2544256
156027300 17699833
155224838 16791371
154422468 21675233
153607215 2465653
152815950 31239987
152013276 12060441
151206082 73121196
150406412 5932501
149611646 91108323
148800324 10976785
148007870 94191377
147209585 87875314
146404424 10951413
145627679 74911752
144811296 46584592
144020665 55381493
143224039 59834802
142431960 35941243
141614496 43067590
140827076 3312352
140027422 11704281
139220402 9365500
138409283 96644189
137630057 6555585
136801746 42537809
136028243 5330609
135221652 50810974
134420001 41482543
133611752 54497801
132808336 89305751
132016166 56448737
131222769 28850016
130401884 35576667
129616507 94966533
128807240 47914221
128031640 24775605
127232162 95071177
126423978 13604113
125615882 76414755
124816377 6877563
124004673 51099461
123215305 24475616
122418288 7978970
121620682 56335671
120818348 17852085
120030818 8847820
119216373 2208277
118415230 95182321
117615715 3462901
116825579 27255185
116016195 40366769
115209071 21271355
114423114 99911067
113623056 3961256
112811568 84384131
112021071 38598673
111208520 53966306
110409538 10951501
109620987 59696304
108820944 12527587
108003108 82076434
107214719 64398906
106412998 17881050
105631377 2296865
104802203 36298029
104021091 44134041
103230295 26699097
102409292 69606050
101629637 51074465
100816495 8625007
100019978 32591691
99225405 28279394
98412201 57479615
97629080 18137322
96807962 9612772
96032469 24651355
95212061 48487905
94400274 3530899
93626640 95791821
92803487 86783761
92005091 50751489
91223134 65784541
90407818 76120499
89625201 48756120
88815105 51452609
88015249 5945941
87200305 68372097
86414039 17074683
85621344 2552473
84808935 17270381
84006644 81443585
83216060 6236133
82423208 18796269
81629575 22099306
80827785 35356979
80004441 14995287
79207258 92618657
78423959 54589195
77603366 42766425
76804963 62427829
76003886 91472341
75221891 2219602
74407034 53988081
73620079 92594593
72811438 61581001
72009865 19661889
71224050 96774055
70425000 57599101
69607955 7577249
68827784 83813381
68031017 56437473
67230644 4558297
66424927 521917
65600265 83609891
64832687 69409248
64028131 19683691
63211706 44952665
62410125 91935102
61622014 49627017
60806297 44348686
60022033 7493477
59201305 1156607
58409913 24369609
57620733 4943513
56825325 58350501
56012031 522855
55225382 12570415
54414306 80877637
53605264 85187501
52823791 5437111
52003054 10254721
51223029 36755917
50408790 67359144
49602621 14473121
48815891 976577
48008488 69786907
47221577 72746977
46404723 98287907
45616433 38927537
44816221 555609
44021253 79922101
43205402 15788221
42403064 87676276
41632342 1128601
40818894 34515909
40011460 86158984
39204073 70609841
38408412 75614757
37614062 93435266
36817756 3493713
36009551 84785733
35216686 6427579
34401620 23032071
33607602 30094532
32830337 85252889
32022700 73684696
31221098 98595397
30416449 69815445
29620821 42534057
28823747 79982415
28026422 31981531
27232579 79951435
26408679 22414949
25607451 7335581
24825524 89218414
24016374 6245861
23204491 27019229
22420223 85868261
21605489 45189846
20808496 21891526
20001551 80078224
19229196 55801678
18427243 41407381
17618720 1100194
16832053 1940441
16031260 3105953
15205416 29212681
14426214 67723585
13600111 65880307
12827252 1496221
12016149 74896192
11212374 32622103
10411485 18697652
9620013 56289441
8825888 67187596
8029320 882181
7202947 41186269
6414816 34275779
5615000 70497441
4828579 78972726
4013774 76114516
3217044 28449847
2411843 96687401
1610090 1547281
800585 92590921
0 1
