200
7658648 504861
75482025 1018565
6366888 1509256
20209140 2004010
62645552 2504240
41768279 3001623
40210500 3503719
78830010 4022934
63021985 4501600
81083509 5017891
14196484 5521487
87036900 6022133
1274799 6509539
67407240 7027986
90962176 7501576
7257635 8007261
68358614 8524261
74976800 9030421
58421447 9522841
16148190 10000010
15148404 10528548
30608035 11001838
5156169 11521150
25586746 12027018
75681284 12500428
8484052 13011136
56280784 13521707
86330053 14028198
91230998 14500245
20626261 15019032
91078466 15517121
55730538 16023442
33507656 16531993
56689625 17005115
17205338 17514511
24670275 18008280
1692937 18513786
85045326 19032240
56537038 19504843
44494926 20015745
58035320 20512052
74446831 21005584
61884764 21517329
92998480 22011654
6421696 22525758
19072872 23014157
18986952 23512092
20960242 24027765
73246200 24532328
37886760 25029057
91199820 25503298
37203714 26003431
9007874 26507504
6577802 27010104
5010502 27502133
66355145 28002337
76743896 28508261
83551086 29014335
72472744 29507960
73584056 30012808
42970428 30531008
59953685 31014510
6722014 31530270
58987722 32031049
37284883 32529088
50048534 33004147
37647834 33509322
66420896 34029001
74035988 34531205
75237376 35031712
28245566 35511267
28911410 36014666
3073264 36523888
80626203 37019575
80698299 37508630
92609090 38015967
97109190 38531129
20523502 39026164
19616798 39515153
26754884 40032145
50951685 40521553
64924235 41020507
81999940 41516924
86661966 42013138
3874472 42510713
26784000 43024195
16524460 43510075
38168680 44009249
50951546 44521634
42333728 45017635
75875952 45512930
7389082 46027262
82728945 46509064
1232208 47006875
87248900 47502457
99017973 48030224
36692886 48500361
11835462 49008326
7950932 49503345
18227808 50010260
63222180 50501450
96696709 51019965
8549376 51517413
19232832 52014600
46787160 52519052
75212960 53031278
39956928 53521685
39445596 54021400
16715160 54509771
27371954 55009439
39161714 55517726
8483157 56004296
26942878 56508952
32077632 57012285
60980038 57500158
6064624 58016739
52093376 58520504
7347126 59005161
13030634 59523528
8837548 60012451
81211250 60518908
30489788 61023684
26119452 61506083
10554586 62019489
99733586 62505058
76570192 63030137
37363940 63506696
52992473 64023806
8104360 64508397
8007456 65007243
2887390 65523644
8571675 66015953
4712325 66509761
70551845 67030241
41185157 67518731
58111380 68015572
41643549 68505089
76510040 69009038
728616 69501893
58897872 70003018
1905511 70520557
64027350 71021029
22771968 71527805
71745256 72031539
37746620 72504374
30586240 73008829
80795423 73505152
94515904 74023346
9546075 74528420
615292 75025664
1006977 75522068
31389686 76014526
90601550 76504043
61763080 77032057
32847974 77507058
80929636 78024455
87465832 78500553
9185368 79000542
40292952 79518725
56645688 80019755
94775608 80510307
14314420 81020188
18981633 81516387
62431872 82000409
9400905 82519521
93304575 83010786
9030350 83511691
89129372 84022724
83270916 84515143
86539968 85016431
28229809 85510368
70027469 86022924
22290861 86500502
72881483 87000223
12910955 87521637
23990603 88009705
1856840 88510499
603083 89011508
86974040 89503162
70475444 90030808
96498020 90502454
1249384 91007841
12225629 91519063
62589865 92023178
69053744 92506598
23759164 93006492
99953984 93520135
72627880 94000331
68463668 94519091
98305150 95011491
2619448 95515302
38157468 96031151
63024653 96521572
89746892 97030607
27621460 97510686
40270615 98004995
33459226 98503330
95555224 99021465
47797020 99526559
79717664 100013554
400
271305755 102002857
271674650 104019816
221914324 106008451
247016069 108006950
203395893 110020249
290469154 112005599
269941344 114009953
290042600 116017791
240233768 118029575
285462491 120022427
294282913 122000689
236988477 124030912
252381896 126002438
218815845 128012114
238650272 130019304
226159545 132025691
288199505 134029981
242280906 136008406
200822620 138006747
206780216 140001615
233856448 142015603
232112600 144016381
242734669 146003087
286985365 148009628
256653507 150028478
275063034 152007090
222475584 154017477
204316098 156029955
242846886 158018413
267698575 160018268
255963040 162016709
282468820 164023043
255487900 166001044
227445460 168007790
278533447 170002666
266748125 172005135
201644025 174003735
236809030 176007759
224436724 178001518
298336952 180016403
257942044 182029210
245934585 184029291
231708060 186000502
252896598 188029738
250228128 190015399
211340956 192003737
279463086 194015584
249956491 196028568
234885549 198015776
230162500 200029616
240281692 202030924
245499923 204006925
210194371 206021607
224469514 208031332
263547722 210026216
253990694 212021788
267883392 214010828
237359568 216016485
215652080 218029439
248640404 220018169
230286496 222005431
283730200 224005050
208051554 226017860
289839628 228015730
283337200 230001173
240790838 232030810
243124396 234030810
268901308 236016944
235153949 238010247
262038688 240009227
210923700 242022184
253516336 244028974
286564839 246015176
259018772 248003199
239631680 250012763
212533729 252018041
256359189 254009055
290543180 256025516
223931416 258004795
203904168 260024616
219127360 262018694
206560708 264007787
212231544 266022322
286841890 268028830
292131128 270023641
222792274 272024915
264291416 274001817
209874572 276023807
240857936 278028098
239134512 280028631
285803035 282027717
211065170 284017392
253345104 286002083
260234424 288031134
237197856 290014801
234718840 292026770
202443257 294014405
232228176 296025122
252327958 298020141
300000000 1000000000
301268246 960549593
302524366 948787584
303767888 962660272
305017809 976001568
306260279 987079946
307503411 916330488
308775299 978400990
310025135 999121148
311278597 906754444
312502023 927761910
313782650 990289369
315030857 928468324
316257055 916942046
317509989 968118866
318753607 925696220
320020435 967090242
321253006 967294540
322509366 913091616
323757967 930756124
325016650 965113740
326272289 947573000
327501688 909110968
328765315 953988316
330002402 925623564
331260680 959319670
332529870 903247245
333778716 954022336
335001520 993963846
336252596 907616396
337517640 924141082
338750357 950718313
340017555 974484012
341258221 946552250
342519412 977054773
343753262 964398386
345005671 901966010
346273076 929034819
347515300 915063487
348752670 982598816
350003564 930661360
351253338 964133960
352508033 934270015
353778904 913249024
355006708 915306536
356277089 944707310
357515216 996946048
358779778 988481200
360008779 919340480
361276050 994973936
362525570 900132200
363757746 950371890
365021931 941992666
366278879 974783984
367504130 937289842
368764779 910444568
370006240 963031236
371255674 975860736
372515002 967812650
373770326 903149282
375014520 960544120
376275381 983721306
377522406 921743327
378761796 963189350
380023087 949953839
381262364 972289340
382528413 971504222
383765220 933605360
385016793 968286370
386260432 979203185
387509788 931818084
388752320 989297011
390028304 907192624
391261222 967301212
392517461 975107729
393777021 968498350
395011808 921769232
396275839 906931992
397532087 930279804
398750547 971031984
400004784 910410360
401263721 969821020
402504766 969761497
403755210 924738714
405032051 959290040
406269943 945107372
407504062 911667422
408781750 933254352
410009104 945647020
411253853 947686100
412513644 952055125
413757556 926963680
415016462 940133465
416255183 958817950
417522605 912358384
418766438 979289690
420022403 917423676
421282202 918471368
422518306 992037621
423754411 988958328
800000000 900000000
867248950 298021807
819512025 296028980
865813025 294000510
800048410 292002256
864271838 290029836
875259764 288026887
851901078 286002056
828056470 284014143
881675715 282009442
817089954 280017940
877344470 278012115
838316700 276018311
852614694 274012613
851650592 272006017
866443904 270016100
897742205 268021448
840729300 266007222
802987098 264012989
832640710 262020364
897016380 260007292
844765532 258024497
830145833 256000564
809206825 254019991
890208919 252024018
848634347 250015482
898639070 248014417
892713548 246027315
860384383 244008014
895903448 242009384
895257984 240008884
842003045 238008610
870186364 236022942
819155366 234003441
859878000 232006581
846887168 230018722
810041137 228003774
839865542 226013367
814875749 224018456
858718094 222020636
817181590 220012366
865630360 218008915
818991530 216018193
863752960 214007436
884478520 212028722
849754336 210032545
874724758 208019066
832958958 206011952
861218146 204022379
857026778 202029131
885138949 200022866
834803663 198031732
897798938 196016180
882628934 194012378
893309384 192020088
862029101 190011676
811064370 188002144
863133462 186030329
899661240 184007593
844967087 182010290
809033134 180011506
884598568 178031371
852938495 176006327
856191918 174003762
806922441 172002046
848814172 170010608
832508508 168012555
891629888 166010867
817971760 164028606
854760925 162013715
818540604 160029021
897894947 158025688
805553000 156032248
866180876 154017719
844238132 152011186
877222575 150015159
893147167 148008846
852576258 146019458
861139796 144006037
880420915 142025481
899106320 140023654
862839008 138023498
814847318 136023704
897249585 134031827
839526962 132013436
879142188 130030878
867682019 128017677
809866500 126001364
895826654 124022340
828239584 122015383
871292987 120005377
866433400 118000624
805004870 116026693
809034464 114021472
875822720 112016761
851166400 110030811
871298456 108027634
879322601 106010115
813496433 104001008
864816965 102011912
800000000 100000000
198020555 81840389
196013822 69489057
194015610 48906625
192005606 48152124
190005450 24736201
188027198 70116540
186009062 51394943
184030388 19223588
182016293 83714697
180005984 10936006
178002714 20554733
176009421 22414785
174026284 9361886
172029246 26136574
170010545 50385308
168023467 57711061
166016253 21348973
164009767 20633931
162024168 34864686
160028845 36793161
158021307 53192739
156027787 86255101
154017147 14344929
152023519 96716343
150008591 9049149
148014823 2156080
146031806 63919843
144017420 78311251
142027492 87007045
140011251 91806713
138011646 54188309
136023041 61102250
134008670 68186037
132009482 67500821
130009113 46007652
128003875 39500435
126013723 49819680
124016601 6276385
122005851 6932865
120029491 16976230
118016940 61597045
116003659 19898841
114007964 95028883
112017760 2165017
110020950 51673265
108015027 45056545
106013847 45516009
104001165 50821581
102013701 16728983
100006714 59399841
98025611 95704867
96002788 1909738
94011536 56223073
92014731 35085809
90029335 7494156
88000154 2060313
86023475 65083955
84025789 12964609
82016850 190633
80012804 61488410
78017609 26225340
76020352 45036021
74007082 43511857
72005338 81293687
70019657 82358455
68019083 1604981
66008574 35356889
64002250 290618
62031362 7861345
60012869 86155348
58012285 61362839
56007999 39319561
54029850 26208359
52000689 57174034
50021824 96760033
48030323 38127408
46030532 67273596
44015519 89212696
42013606 98967211
40029618 2384746
38015936 30993537
36002064 41420301
34030704 87713177
32026864 702275
30007960 34322599
28016361 55174131
26007964 38260685
24029070 949241
22020377 45946532
20021211 85997695
18023686 3908357
16004711 38009305
14005262 89680301
12009617 6046898
10018363 44846226
8026913 46903647
6021699 64851336
4025115 59908099
2003488 73675591
0 1
600
260317840 101361355
230168210 102670205
210163660 104011209
256824500 105341210
220904960 106697432
228116070 108019060
268967149 109363472
239709012 110680948
268991112 112021174
208609830 113336674
232830928 114689207
291279376 116024965
293312460 117350604
210193520 118674088
273888768 120001859
224041026 121335792
270462770 122688983
287923632 124020929
265860216 125336358
240477802 126668453
280226490 128028323
286104008 129362035
247041176 130699029
214675868 132003115
213558815 133349895
267896410 134684218
238797488 136020139
227038644 137334571
211408640 138669862
211900460 140009969
283752764 141361983
276289080 142677568
202753100 144030691
291688884 145354689
200713195 146668801
260168354 148023806
274697000 149355428
227752945 150684238
286037392 152032347
277733600 153335616
210097104 154688076
258766784 156031520
255635341 157333382
251605507 158677685
275493215 160016242
226870628 161357391
225625596 162691690
216998488 164014765
275870694 165363173
239315080 166675058
224046264 168027835
277339520 169333791
228802445 170672997
239662050 172023240
223126032 173365840
288095908 174683902
277796495 176012442
248462641 177348520
205591607 178671558
230164635 180006333
220913254 181350744
249678980 182668581
230967952 184003925
213671000 185363488
220026848 186670357
235099232 188019717
281148173 189363697
267425480 190685509
279143370 192030634
212216165 193363684
220711040 194689188
223202196 196004082
206594488 197354057
287215323 198678180
227618916 200006186
243066560 201357343
251037792 202671295
216402396 204012823
284601503 205362382
275423550 206680262
207104166 208004842
224620284 209341679
269534982 210684548
229593555 212011242
274362563 213365372
206328254 214682341
211601982 216008006
223298516 217346277
281536280 218695921
215358196 220017704
210685344 221364658
250319104 222668021
233661000 224008653
278451814 225359368
219937921 226680804
249071640 228005385
224287448 229352730
220415128 230685410
238950100 232019601
238443920 233362888
224025296 234694177
207260137 236025933
205160280 237339748
286222000 238670306
250832276 240001639
209550128 241363590
213151762 242695068
260167276 244017819
210893135 245356778
254455336 246688025
257852804 248013798
247484700 249344148
285557240 250695069
219956056 252002513
290996375 253349496
240313658 254694876
243339648 256011552
231121660 257359585
242837595 258676846
223937137 260021814
231556941 261342403
292098928 262691154
238794600 264025960
207311711 265345707
256094962 266668733
222785408 268001455
230526390 269356131
266750496 270679123
220674060 272003753
203410174 273360623
263819036 274667736
289725884 276007519
206448424 277350977
271314685 278677410
265347931 280015378
211497220 281347946
248615970 282696285
265528392 284032351
215712153 285363924
295831151 286691841
241110542 288016429
235507915 289337452
271979256 290671403
268063403 292015215
240676192 293335733
275534152 294693551
252869620 296009359
228730242 297359310
212035797 298682505
300000000 1000000000
300845568 952051288
301694481 994772012
302520081 972254494
303348878 960492700
304175958 955754444
305006479 942944872
305833853 958436075
306688694 936906688
307530951 955043910
308333644 921600512
309174426 991086682
310001391 919439488
310864720 973607038
311689391 918528665
312506601 939206350
313354797 925594408
314170800 932181388
315011208 930283560
315841004 906651000
316674887 924680000
317517622 944122800
318352264 979926940
319192850 932252392
320011277 926306520
320847310 992079897
321681924 920830165
322516452 925068075
323343523 920258070
324179786 943612643
325015018 924375556
325839729 958854390
326689059 932102412
327504365 944081040
328360963 973763494
329183990 980210447
330012019 938221088
330837053 959567200
331688298 966844900
332526033 969056060
333333347 979379290
334184457 970055920
335018316 902452097
335846567 981805110
336672522 978733755
337532087 961642831
338351841 969555450
339194324 997010339
340024673 924488186
340860115 909427475
341673898 953761832
342514962 950151410
343363872 918776792
344173269 974581066
345002476 949877491
345862253 995982118
346679768 913758404
347515185 949295360
348365675 988219561
349183590 900506280
350005585 949605796
350855588 964701520
351673451 995985094
352526693 963263837
353346341 916846550
354181052 976683180
355023588 977432946
355859556 931169914
356694685 938572325
357513897 910618623
358359556 965457680
359186649 975071120
360010443 999095572
360862274 932387778
361675241 914461864
362513892 923875625
363351272 963465856
364186458 999119325
365011871 930503417
365853881 952636775
366670063 947599687
367515460 948448555
368360791 925626616
369184334 922234900
370023545 974469402
370840228 935259095
371667689 942436568
372518472 993879777
373347291 972968320
374179703 936083650
375019148 968778455
375836451 972801126
376672637 953209324
377511525 958921208
378355156 927081858
379167648 956700898
380006269 989100355
380865349 921526160
381673195 918376525
382507380 903704690
383354756 922404666
384172273 935773149
385002003 968137640
385857837 919600544
386671847 974933096
387528780 957889828
388356955 914232952
389175143 971871150
390014208 994200427
390846096 945237254
391676064 999793312
392512304 912346350
393355726 929440395
394198747 970702997
395014087 927226476
395845047 969391729
396673739 960288160
397515516 972912338
398338361 919949350
399198012 970531660
400019469 976315084
400861050 901923520
401695390 999425920
402525491 957967780
403334048 902039807
404180709 985036792
405026268 956216132
405865914 915971475
406672674 930531056
407527520 907300736
408334418 998846800
409191484 900563282
410008479 917611755
410840430 994527379
411680337 949270684
412504934 900579212
413344174 991830883
414194429 976294400
415018715 995216550
415834186 968724782
416696267 923777096
417526192 968568667
418335646 966921138
419185361 947642481
420024567 952024394
420854128 916537280
421675314 925646088
422530918 993900500
423359886 903440810
424193076 956632745
800000000 900000000
858698988 298674071
877475652 297349312
845519089 296022875
802805205 294699083
832517103 293349137
870597400 292008287
832185398 290693001
817531880 289357857
894488633 288012517
893202710 286699076
822517512 285348698
806122784 284021566
801378278 282697726
839397016 281362096
881743701 280026632
880953517 278678470
881511520 277342982
852907320 276012904
862465648 274671861
882558144 273360031
834574550 272012102
800988627 270696830
837468695 269350953
809901172 268010590
808880938 266681794
891340562 265354337
898854722 264024844
850338800 262676847
831688237 261339796
890868685 260009767
843743550 258666847
885462707 257356675
837158400 256007816
892283219 254696729
802294955 253347968
802017660 252010046
896474576 250680057
869569498 249336191
839457730 248026334
878177088 246694177
883452456 245348331
833332640 244029101
861454914 242678714
828267434 241342645
890720033 240006248
820155605 238668877
821654515 237347103
842787542 236002552
835842200 234672414
823065521 233351406
854971395 232017443
807457856 230689036
800329754 229357881
861897137 228029133
868488955 226689886
847108448 225343517
828014816 224017790
823749520 222690275
838281144 221361067
817618996 220005266
847488480 218674600
864909180 217361710
808773280 216015646
880624006 214666872
866136146 213359623
819922413 212004163
867037444 210675268
822130680 209349163
831580902 208027478
809911390 206679572
854926948 205340065
817580420 204030021
827150108 202680027
806245376 201338366
840779806 200001894
844200699 198667723
802320283 197362885
815853120 196032533
853139760 194695538
878581798 193346453
846460320 192008897
807241246 190672819
870502654 189341068
808920870 188030974
822629715 186676445
811108228 185365310
807879456 184031709
800707040 182678988
822182644 181337761
853157624 180019768
842285297 178668467
809042852 177362017
871596020 176027243
823329268 174690957
836769116 173349492
897946350 172029219
854801363 170668811
897370980 169345304
841134744 168022240
836445127 166679080
850112302 165359519
813957410 164022646
888114301 162675338
878654165 161344038
840122870 160002479
803827056 158675214
859200785 157364632
860192054 156030361
804862694 154688908
866080602 153358688
803282180 152006842
823765185 150673716
808523050 149361893
854183297 148024717
844556020 146677095
850845230 145351053
829292776 144030634
830707696 142688039
879532134 141360735
847548988 140022788
813675328 138690340
856254804 137348666
885594020 136026716
823617960 134668532
829761856 133364565
875482838 132016282
826593519 130693914
829574336 129352476
865182135 128014989
803630762 126676078
898304992 125341834
874373825 124000335
828701360 122669901
879784903 121346556
823918804 120025169
809030350 118669146
875886485 117352543
828222220 116002998
818623720 114683271
816310080 113338166
812803364 112029493
862516789 110680965
865411675 109364397
845035392 108002158
899155545 106684546
846114145 105336917
821524803 104028142
807506454 102685138
846668009 101345047
800000000 100000000
198696744 72584257
197333673 2775466
196028825 40671467
194689396 62154001
193334181 68189039
192002778 54970289
190696981 84111267
189353333 34992849
188014696 97053712
186681618 32536401
185349042 3393901
184000437 99018978
182677577 6171173
181354226 81531201
180000053 72264835
178693514 36859545
177365404 5811268
176023378 31102669
174671785 45033098
173362630 54725819
172025240 40067879
170675677 57869393
169340142 14205481
168016883 10205365
166676743 79201999
165334250 35895349
164007297 75847529
162668493 65405529
161352238 37077723
160009628 16957420
158672269 63773095
157345028 8509953
156016639 58597173
154670651 52482325
153350450 41938891
152024882 29625225
150691453 46351845
149340885 85781617
148014101 9387137
146675226 66819963
145335406 4578945
144016400 25087693
142669864 25236845
141358627 96230593
140000839 90272853
138674258 12786363
137347002 86456090
136030484 67954776
134687315 20811591
133362451 29138481
132015808 33485131
130681616 20115161
129346086 63650531
128018049 70861701
126668645 71855845
125349843 57872166
124013889 30470833
122692437 10045752
121353680 19371193
120032301 5403778
118677765 40494589
117338868 83524595
116000565 20041947
114677695 21628599
113340893 72118626
112005064 95200964
110680094 93059298
109355765 31138383
108022182 66219681
106684384 41744601
105350650 86006630
104029507 881957
102668130 30402315
101340614 75827766
100028390 49937431
98682787 19129443
97365021 45814801
96015264 88792605
94696122 50913185
93359950 15594129
92010782 65135725
90680458 88721281
89363543 12505051
88018105 34606401
86686545 26779455
85336114 22583107
84019759 86965141
82698962 9517256
81362932 28715125
80014516 9521540
78694164 14057829
77363835 7866679
76017280 35909457
74666679 63357517
73333829 10129527
72029767 48162753
70681562 18946873
69347272 36737233
68008373 1819585
66681459 99209734
65350330 21673985
64017142 76025001
62691741 58813201
61334823 92201385
60022107 52313255
58675117 3450495
57361221 38558326
56021741 80033915
54672483 88058757
53334743 22566715
52023567 98269431
50678641 10134405
49334036 6833159
48000560 46662145
46687684 13727071
45363834 25085686
44015796 92663135
42683881 91143425
41352482 31376112
40032552 40344759
38670137 59718695
37350529 26229249
36029349 51042151
34687855 58007011
33365816 9505569
32004318 44061126
30671252 34418143
29365716 14741401
28023055 79570657
26667698 72423937
25355599 621541
24018789 4082193
22688592 89189038
21365004 83888929
20003031 61331964
18674686 81776298
17346161 56827656
16000829 9076001
14667421 35367561
13343417 48102301
12010930 54679507
10697709 12237746
9351567 61325251
8017077 70334126
6693197 12245393
5338749 25905857
4023392 57416573
2695180 14435441
1357284 74783073
0 1
800
246396220 101017147
204847540 102013212
206284528 103019571
238932944 104025525
200929551 105028676
210240060 106018743
282766400 107018678
205253792 108013726
266981558 109029149
242618728 110023615
281185210 111008217
285973468 112026186
275231566 113007164
254015344 114007529
246277154 115008907
210918320 116026638
269115617 117005908
287492500 118007875
266215004 119022806
271737652 120025643
246260564 121001061
278701206 122012649
244690148 123028498
201857300 124018216
204552070 125032454
282010304 126014211
293007800 127024713
221559121 128022383
290035376 129002737
297427136 130009858
259178565 131002600
207265000 132012838
216235064 133014479
292370200 134013723
240944064 135005351
247729436 136019024
261089206 137003588
269045034 138029826
202989840 139024314
260263055 140017955
252071552 141031997
239590852 142018027
225423880 143021368
253874345 144022187
201090680 145030265
224029700 146032061
298716364 147023306
201039515 148026015
288472577 149025365
207169615 150004376
247209034 151020952
258561688 152013699
238061786 153004764
249288875 154012298
274728004 155011952
245774371 156020478
218136032 157026062
218392832 158008716
254021856 159018296
260797906 160024188
244035190 161018223
233706213 162015683
214831046 163024277
220326610 164018695
252241760 165014739
206221580 166026228
277537104 167026396
225153220 168014178
269511540 169002600
264480180 170022983
269012330 171009848
288465191 172020583
260596024 173029124
213410774 174014271
292396600 175010332
216500656 176021410
284568680 177012655
234367580 178004729
238107179 179010283
222559368 180026925
227760600 181030259
215407526 182030499
207032482 183024870
207791079 184017358
200314439 185004131
298239675 186012224
258743160 187028565
275203416 188029006
249272624 189018601
226081672 190014618
223614815 191012088
264597768 192029979
206902350 193025620
214172870 194010502
249350270 195017136
225838286 196002337
250140199 197006753
289799948 198000223
227183786 199012713
204741976 200008420
229647504 201004936
218805520 202010300
270669146 203017546
229839700 204002785
212526605 205012681
293950694 206003059
255682116 207004703
246902198 208019494
204085696 209014712
259211110 210007507
292680982 211025669
210802172 212004656
238050592 213007878
252763672 214011676
233536482 215024472
251477448 216022276
263949516 217001425
271545686 218025026
250890540 219008473
240166636 220005008
224295198 221017071
233109259 222014947
235995202 223013667
242201992 224007235
268196572 225026422
287775617 226027653
297368800 227006800
206968960 228001002
207172080 229009039
265985414 230000916
276573424 231014118
220107456 232008397
227167220 233003131
296326648 234004890
213079878 235029255
274106375 236004106
299028800 237004517
251379515 238025280
238600994 239022808
261511120 240021297
283882069 241011818
200648930 242025092
201970160 243032113
209140622 244025631
225955058 245007974
271718424 246021819
235647520 247031174
218323205 248023327
283800256 249012224
204294444 250031562
200370755 251018005
269421918 252000830
253555292 253025399
232240436 254010144
296843593 255019344
242935524 256030957
229577137 257002670
223044072 258003191
202360436 259024013
213286016 260011997
235037680 261004278
290707920 262012619
249673064 263003627
248466508 264029974
266821994 265003034
246104550 266020889
216052200 267031943
204598514 268024154
266935042 269023408
272065275 270008156
276139299 271006175
282178056 272008120
237889014 273025438
241025120 274010436
228345480 275030150
219512324 276018035
220475172 277011690
218601024 278021177
239302674 279012361
253169162 280024596
223511774 281032646
282390459 282013711
230742513 283030304
210354533 284028877
299327744 285011675
222493096 286018058
247980800 287014168
266112556 288021521
290991601 289015252
222079520 290005268
293999768 291006335
277450652 292025456
274125955 293004846
208574656 294004284
262594280 295008529
209945516 296032695
272218772 297023806
271355140 298007922
240771324 299017699
300000000 1000000000
300630445 983909512
301264729 967043974
301902079 975344640
302512770 964980535
303147242 994384849
303762498 964051268
304391869 987598900
305029943 951213752
305646640 971958312
306255456 907303400
306907472 975780824
307527169 910462632
308151057 999656834
308753068 992641204
309389089 951067587
310020735 991670836
310627798 990189860
311256495 965207645
311900489 946657585
312529648 956833240
313126141 907746094
313780590 929631104
314399658 914758212
315029822 960065885
315642101 922468204
316257434 920187380
316889932 967805522
317522761 996752240
318135832 983188108
318775032 918858193
319401724 916605504
320025205 944946174
320651497 938798568
321277709 998061677
321893922 974678887
322531958 982957870
323145358 987219616
323771661 927505527
324377059 984806350
325020505 960327924
325627280 974689880
326260486 910357012
326888567 982973378
327516886 906836780
328155856 976424445
328766024 975924710
329392843 966359104
330029269 943084532
330637004 923122300
331281943 974406950
331891802 987829336
332532541 966198400
333145875 986110632
333753235 984839176
334392648 930006262
335006980 967812196
335640582 963095920
336256742 958360560
336887487 937463119
337517683 999116834
338148048 974917156
338754991 975933296
339384718 961027960
340010169 985521980
340650920 955350672
341253807 953775232
341884671 946589610
342529714 956357460
343133252 911495503
343768753 930524500
344404984 923972672
345015544 947071152
345636512 987776952
346275518 984473436
346882644 971532185
347508522 965491827
348128240 939782675
348770177 911706608
349385859 957598092
350021756 956954411
350657506 907428120
351254008 901606006
351905632 981333396
352519551 950036338
353140759 901226920
353768796 912307505
354389585 945684845
355007793 904114497
355645412 975181053
356264529 920469036
356877733 949694600
357525832 950636578
358154309 993948268
358753105 982584548
359386921 991300172
360010170 981317912
360645665 997493485
361267797 904977936
361895180 955811954
362508175 918992048
363126980 972655598
363754438 925015808
364400372 995720296
365023979 983865323
365638297 930805872
366266018 948111852
366880096 951521124
367507542 903609428
368125479 945394571
368767474 971265545
369389376 953420857
370022733 901689478
370657614 942145232
371250026 979942348
371893714 939227000
372524046 933785050
373135554 977137520
373756769 912447010
374401727 907840550
375031455 917514915
375653831 985443602
376265204 986854786
376896629 901710454
377501983 902142600
378138669 942209675
378782069 945426560
379401414 958521700
380023633 920749034
380653710 949221863
381268506 927662819
381906369 957636998
382531941 955657325
383127238 955875304
383750882 903073890
384395472 938885600
385002505 905905500
385630387 971599310
386268106 923764336
386896914 995189941
387516336 908272733
388156718 920958683
388781360 976744800
389401083 998900548
390004512 946380871
390639433 927079772
391254150 935477124
391898921 982700334
392510785 944924051
393139658 963590186
393766459 962525086
394384007 952583284
395024932 924835660
395631334 919912832
396281062 973390800
396907432 989469542
397528914 985060820
398135362 916576129
398777780 946716070
399397724 931653168
400029526 940120184
400628518 982092256
401275411 965658869
401891991 954378424
402531468 914337670
403152131 936346728
403768991 953793276
404398980 912752246
405019435 953315389
405644327 986030589
406257484 904763110
406876387 933604110
407501456 982330528
408150206 970493494
408758485 923963479
409395115 928750700
410018253 967413778
410638860 968232564
411255652 929050250
411891420 937092000
412506993 949254172
413147112 989112590
413770369 985937518
414398884 964585164
415014041 910915710
415642747 958588498
416273983 997230576
416898997 968754957
417522487 990186251
418130490 913078213
418763173 920458080
419387364 901447066
420020129 998806830
420655649 960926812
421280346 999922628
421884166 911941520
422532444 951939260
423138865 921193976
423775636 912990865
424396039 958810812
800000000 900000000
891737028 299016509
871610808 298015645
863690744 297007216
824786705 296031183
804194448 295024821
808896905 294024625
861973872 293031084
878557160 292028799
832587404 291028986
844262603 290009187
827869150 289002849
846600484 288013854
804767504 287017550
862011620 286008372
801352324 285019584
842228576 284018036
864389740 283011542
814073567 282017509
895626024 281028203
805723042 280006542
848775200 279007364
834300254 278026895
821768912 277013886
837255826 276004730
803574180 275018305
800929040 274019073
894705708 273028573
800703857 272021058
822298512 271012958
817588455 270030174
893745162 269029823
864302309 268011046
851639485 267023933
813469814 266003957
871067188 265008251
843554901 264012316
840103830 263028538
820184569 262002787
855134845 261013393
816454928 260007308
846363464 259005919
800873580 258012647
834583206 257031931
835151232 256004168
897801248 255001672
823395485 254004740
838086926 253016245
878966308 252023497
834287876 251014611
810638000 250015069
803819272 249017225
800578224 248022704
847821280 247028236
879156870 246019788
870798546 245031200
822599624 244002683
839181733 243001559
808754048 242023107
864858432 241006405
847304053 240000902
843622089 239010783
801144216 238004455
887772248 237012092
829009344 236019013
895482600 235028797
870336305 234010602
877765800 233032642
819667668 232015040
820025640 231025516
843247095 230006697
815036437 229012389
830128992 228008271
805725046 227007084
805552617 226001286
877091025 225006728
869024858 224000918
873024680 223021620
804867442 222026502
843400126 221016623
833469956 220026818
828222818 219011678
850061627 218029741
869390649 217017489
873730816 216031236
864874600 215032589
829542352 214011672
817941694 213021661
870553716 212023117
857329568 211028769
871149244 210008156
813249569 209030093
874783062 208007244
816682160 207014813
813369008 206021535
825699784 205007402
804663219 204006564
881775780 203017303
874008774 202023156
809883464 201030815
811050628 200009842
891821240 199001570
841123068 198001530
860247219 197026242
827742935 196023806
866081092 195024056
864436724 194014135
839608028 193028447
859973257 192032192
806758314 191015339
828259752 190020657
837865431 189018119
832505375 188008085
821796203 187024269
837079674 186012750
833657542 185010649
897836486 184011330
890608112 183000606
837437435 182021485
813308896 181006478
842817632 180025896
872029506 179012149
847527863 178026052
835225822 177019082
819583644 176027721
863493660 175006514
833870852 174000251
860262040 173019810
877230248 172003450
866613151 171013539
868660736 170022026
842554072 169015656
874299832 168017386
839030000 167029556
824231420 166027215
807834330 165000894
804716085 164014291
827041976 163020764
819703802 162017523
871474864 161031385
837023464 160012414
849005428 159007812
803015100 158008957
829145072 157031445
858342505 156013948
820003821 155013498
805940480 154006455
867646464 153008057
831415190 152025121
804809745 151032279
805187366 150011840
854518964 149020171
826074140 148004676
898534484 147000109
847649788 146023154
895923800 145020823
833288346 144001846
812701236 143021621
810012651 142032502
810932342 141001147
848538000 140007680
882582056 139013943
835019112 138013220
899810078 137029750
829600835 136010208
898393400 135007226
857290412 134001824
820925792 133026674
821970385 132006660
890208616 131031790
874870454 130003377
845102970 129012303
879123952 128004488
858518480 127012760
847725871 126022372
826025840 125015088
875969421 124026541
864967330 123011133
843275426 122013281
863611089 121017995
850655000 120021083
899287560 119019729
832333936 118020108
898892992 117012268
875003071 116019673
869939513 115013409
891855028 114004191
857635575 113014155
821749394 112017611
815776561 111019071
856824536 110022790
803533930 109014863
805067360 108018284
849981260 107020077
872743400 106028347
800858336 105014305
816281802 104011020
822214284 103017677
857571680 102016484
800249246 101010614
800000000 100000000
199032672 90349876
198008633 20430257
197030362 31040253
196018469 15122237
195020619 77848421
194019498 35377813
193013565 297354
192027701 63092055
191030358 36638119
190028199 78316257
189022676 60289094
188023373 53663812
187032353 15611638
186014474 24934610
185023951 61139826
184002412 53039056
183001232 3476353
182002094 71149353
181010955 23417909
180005583 50694968
179019940 57991873
178019648 2124271
177019015 904122
176009698 17585513
175015832 2073964
174004805 91306801
173027104 23511946
172008553 66919215
171004223 14513477
170031980 8918797
169008276 7978476
168015342 39229630
167027357 43276176
166014485 96760663
165012917 61572083
164030573 68124426
163008963 3117601
162014752 2321450
161021676 63038972
160003133 40635444
159023087 99872095
158018810 86838124
157009393 51888079
156025153 3064161
155017699 62441021
154013669 8416407
153022408 68382081
152001872 29325903
151016069 48420063
150010248 81357897
149022463 32326897
148020193 16608367
147000247 69254127
146031286 74969821
145020453 3711511
144001786 9525449
143008120 66206843
142001794 59726801
141023885 88391491
140028249 49284229
139008827 93765799
138020226 68515057
137026372 86702026
136022500 7379273
135022471 65994391
134030434 79440231
133021775 10053057
132010062 6838763
131016143 42779438
130027948 91911681
129009193 84756801
128004874 63776263
127009427 96705531
126017238 41459811
125004156 87550971
124022388 71278929
123019703 8870497
122001548 83970433
121022237 75973748
120018237 29253641
119018275 64326141
118008383 50763259
117017677 52974841
116025879 31785515
115019163 69247261
114006253 39874849
113005358 2958866
112029346 16222786
111012831 7865716
110010674 26969901
109021059 85400805
108008341 6635330
107030534 48323657
106005647 3055809
105017260 48961451
104019503 4355009
103018775 75651581
102011385 5961785
101004768 86700501
100030176 21090567
99006184 48215688
98022820 30421297
97013164 74551201
96023859 4518407
95012923 65852953
94018577 98502401
93016491 40945893
92028159 35914461
91021078 6687393
90027093 71206001
89019783 31166493
88027341 91009479
87013218 37367901
86023595 90542945
85026863 29443752
84000139 18992437
83004359 85270736
82005053 3681605
81019481 48994213
80012146 43664263
79008966 50044285
78016814 57483383
77028666 71227763
76013620 43287981
75032087 45270329
74019306 99424297
73002372 45275889
72025706 5539108
71026244 68844009
70023858 57226801
69009056 56345641
68005436 83855341
67001478 11962281
66025570 85895681
65022509 26212195
64006993 40248451
63000799 30045397
62031236 40836401
61024184 28517455
60027896 22573321
59030136 4457029
58005145 21796321
57028796 77902561
56026520 75970999
55015483 24480001
54030758 10089101
53015771 64004685
52023893 31272796
51007412 50198877
50019581 45887113
49027678 77449625
48022531 24940829
47017508 77674380
46018894 11467938
45025002 67382441
44015695 62499351
43001831 42711523
42023661 56418329
41020548 23817697
40016426 91759749
39031303 89308577
38016612 46520961
37017287 52235246
36019321 7594817
35017248 34690679
34026556 41362393
33010788 92411661
32020987 99515881
31015030 42273381
30011399 1970269
29006041 94971386
28012153 33709211
27015252 27727081
26011312 25670960
25014901 10849831
24001844 12132291
23016102 32320864
22018055 41194078
21016715 85161332
20019339 8553368
19007193 61291077
18005895 78982357
17012213 40790287
16023276 60027865
15003122 33308434
14028905 17497052
13022156 44856513
12024060 15136001
11019245 72537001
10010862 53581791
9029733 17858830
8021257 88743817
7029592 83680252
6017257 16045543
5013134 28657137
4029359 22375750
3028783 97838204
2013066 40130273
1001737 36481039
0 1
1000
40155235 1
4996860 2
74035824 3
24833185 4
39936230 5
23056616 6
76024820 7
17226090 8
41225850 9
26428058 10
5303700 11
40716482 12
12790436 13
69590565 14
68316930 15
67033288 16
32814146 17
83710924 18
41113891 19
58922815 20
32516750 21
19372900 22
7037638 23
1829106 24
58835088 25
62112453 26
7886048 27
18706259 28
43782703 29
7650190 30
89945935 31
83930608 32
10837460 33
77196820 34
36434060 35
22854687 36
18629886 37
88594548 38
16281978 39
10630225 40
88194806 41
31975167 42
60866008 43
42634760 44
14950716 45
36774094 46
10514042 47
9866348 48
19766430 49
80190463 50
60483570 51
94209104 52
20251182 53
37631020 54
27533327 55
83560562 56
97062611 57
54394150 58
27267980 59
85859268 60
33659495 61
18652241 62
61199856 63
23307376 64
12538466 65
13763888 66
4535680 67
89259638 68
86201924 69
79025780 70
90253440 71
38886693 72
47411576 73
72097699 74
53960156 75
45208572 76
1240264 77
18339271 78
47780104 79
76580004 80
51235939 81
42158750 82
91354357 83
7081761 84
16806640 85
33984350 86
8575840 87
66286317 88
8134278 89
32540941 90
52069230 91
85387266 92
73176428 93
53810900 94
1256346 95
86603283 96
511024 97
18942050 98
58145504 99
80500450 100
7117794 101
57752830 102
31486000 103
33167040 104
40376178 105
95630820 106
65654006 107
46689496 108
11873496 109
45149312 110
78012736 111
40934538 112
40994832 113
13494769 114
64825625 115
72576228 116
57267912 117
72381600 118
29367792 119
51257430 120
43291536 121
19513487 122
5839638 123
2168397 124
21104816 125
40529038 126
39876783 127
54143328 128
57363423 129
91176966 130
23349868 131
5607770 132
35840685 133
12027888 134
19090556 135
64187121 136
18086230 137
6452876 138
94533208 139
91289952 140
61325952 141
65409280 142
93807925 143
8541708 144
19163420 145
21853348 146
51430320 147
53380896 148
91311708 149
44834229 150
41024302 151
67738688 152
94210503 153
62938408 154
89492368 155
30772853 156
26044432 157
48366515 158
45585441 159
99505502 160
35929113 161
22642285 162
83285754 163
7195522 164
73618340 165
43761036 166
94632229 167
15120756 168
7557930 169
6142472 170
94850037 171
12141056 172
11245256 173
20773536 174
40918396 175
75907500 176
7098552 177
32486480 178
68815356 179
9890182 180
7974965 181
20491520 182
69735615 183
74263500 184
63813156 185
28078285 186
68865825 187
12189404 188
26971315 189
65691602 190
68747572 191
74390016 192
3220404 193
40245799 194
35841683 195
21621772 196
23864460 197
82893932 198
3626720 199
34012841 200
99435040 201
30091775 202
53008668 203
22429880 204
92180406 205
39630128 206
16444731 207
30359776 208
98216736 209
74399408 210
52670240 211
79808936 212
72382328 213
2348528 214
92898263 215
21111330 216
16316105 217
89816648 218
87508182 219
15224020 220
12084738 221
93318448 222
44899146 223
40330960 224
68956303 225
15906284 226
89470968 227
38446765 228
96046350 229
70437224 230
37061772 231
94591510 232
45820824 233
7724673 234
57575964 235
95107206 236
88530000 237
27264160 238
39280024 239
484746 240
91064000 241
94966528 242
90417389 243
63249515 244
36373718 245
576678 246
63625660 247
14744404 248
22419045 249
33672964 250
22058865 251
23543040 252
7002726 253
34348750 254
46393380 255
11040112 256
94995115 257
65388176 258
36901050 259
26367887 260
7357289 261
75564016 262
75742062 263
3535926 264
69911616 265
92257303 266
93962980 267
9657568 268
78915396 269
21450245 270
90482848 271
6351700 272
53563584 273
50391490 274
95903551 275
24592032 276
77787600 277
9279404 278
78687304 279
65857287 280
98118246 281
28204463 282
59046000 283
22109680 284
53903140 285
20185176 286
83714610 287
27678750 288
43940864 289
94962991 290
71786258 291
5553964 292
10570456 293
19331331 294
95756070 295
83130730 296
91711325 297
29404608 298
28305952 299
6550920 300
24163896 301
18013558 302
15815215 303
2767850 304
394350 305
14114227 306
5517266 307
7668167 308
13695055 309
39102064 310
51503944 311
96630112 312
14456385 313
98413014 314
70076646 315
15430182 316
21424374 317
99957516 318
4765449 319
76289252 320
42624475 321
36671138 322
68882625 323
27808560 324
62923514 325
33820028 326
25668740 327
53818450 328
27045768 329
11283242 330
60470112 331
64797435 332
86216325 333
55135099 334
30845080 335
97468500 336
86143096 337
26418454 338
21580341 339
8165408 340
25127146 341
26517550 342
4745100 343
17603823 344
30086768 345
47067876 346
69021664 347
38546361 348
57802875 349
90994597 350
18195664 351
77590952 352
45163848 353
78886721 354
32025156 355
12985972 356
106032 357
90868644 358
89997523 359
63163249 360
22937351 361
84826220 362
9517947 363
9560304 364
34859832 365
54164108 366
1373620 367
23575200 368
1578486 369
90339810 370
3067993 371
80254975 372
2639156 373
3799752 374
56159764 375
28599505 376
70604430 377
82874662 378
73641150 379
6338440 380
68059384 381
54494954 382
66836820 383
13203267 384
88372791 385
80990130 386
64408758 387
21553525 388
68430053 389
81054224 390
40428704 391
68253168 392
24836885 393
24047146 394
79946449 395
21982005 396
6434570 397
7435996 398
13029125 399
13574784 400
26983926 401
1334810 402
49490520 403
90677821 404
67944281 405
74890080 406
8671620 407
30677630 408
26721030 409
93082748 410
12688924 411
853990 412
11000409 413
1133104 414
68824616 415
30347237 416
40614833 417
39243830 418
94232926 419
83106352 420
49546246 421
30673550 422
71498635 423
70254390 424
34805484 425
25127724 426
63598375 427
5896161 428
76504640 429
76563504 430
25391031 431
24356750 432
49745598 433
21345480 434
11599028 435
21649048 436
75567572 437
81266307 438
45957580 439
77966372 440
1207232 441
4247552 442
1152884 443
55196785 444
63648790 445
91023828 446
74848048 447
87664451 448
41497995 449
91211650 450
12870000 451
93691850 452
37169270 453
33014915 454
71221930 455
21043043 456
20661090 457
8497830 458
67271851 459
24817296 460
53543800 461
29374144 462
66163004 463
26971040 464
82387865 465
15989088 466
83257132 467
36760755 468
4986816 469
74027738 470
55186196 471
76284320 472
36114918 473
43651296 474
63949560 475
66380856 476
72560408 477
63182203 478
59270040 479
95234976 480
64629747 481
48514576 482
92569047 483
23261610 484
42274778 485
37580100 486
73449400 487
41414528 488
70284784 489
3361358 490
45475375 491
78539958 492
63027496 493
98573940 494
85026575 495
70657437 496
64392525 497
99259058 498
22892557 499
70919750 500
996569202 500
926041480 499
997306176 498
946956310 497
999673665 496
945847101 495
946131208 494
966814750 493
966030468 492
984042700 491
931009224 490
936641922 489
936614445 488
981487685 487
995564359 486
948575204 485
952540991 484
916889044 483
984098158 482
905534720 481
972811839 480
955649200 479
957223938 478
960700516 477
991078085 476
967445491 475
959098830 474
912915264 473
943319959 472
922039234 471
926683805 470
951679794 469
911596565 468
988389008 467
972521920 466
932485807 465
935110084 464
973719560 463
993069031 462
985226360 461
985078816 460
913378084 459
968459875 458
900219512 457
981499852 456
935672646 455
946016878 454
957842220 453
995323594 452
905722910 451
957120000 450
997976030 449
913223616 448
999729060 447
991187937 446
939608259 445
968386310 444
916973682 443
988622793 442
920704960 441
973869392 440
942743670 439
967433790 438
913869278 437
954184058 436
992823070 435
952815104 434
989166908 433
915723742 432
955233270 431
944970904 430
919074925 429
985561666 428
949026095 427
960510466 426
925719868 425
926097184 424
992035006 423
997323348 422
951941132 421
906416338 420
972429572 419
915636720 418
961135600 417
978161056 416
953398250 415
971380240 414
933560457 413
999616922 412
955927561 411
951974168 410
942072508 409
916510874 408
940517912 407
996912675 406
918180906 405
925207482 404
921224484 403
999428788 402
984370980 401
908819443 400
960395249 399
924164184 398
934828640 397
901898596 396
913505200 395
913365940 394
973611000 393
947921400 392
984730912 391
953980246 390
931376804 389
981406600 388
988667588 387
968062531 386
928815418 385
964705740 384
904239852 383
905465448 382
901454095 381
986459840 380
976600048 379
969889134 378
962075140 377
999695106 376
946037752 375
918350951 374
991773220 373
948994465 372
984302919 371
936630784 370
979356732 369
904980352 368
937180507 367
900416458 366
996168130 365
961333312 364
985402544 363
990897108 362
942316432 361
944897361 360
945013560 359
936660310 358
933502073 357
930394000 356
994309264 355
985388492 354
976413920 353
963365394 352
926291300 351
979687064 350
993975603 349
929857980 348
981411584 347
971714568 346
987338604 345
923948800 344
951274980 343
945263960 342
943722490 341
976499668 340
970439616 339
938165537 338
987679992 337
991366512 336
922221560 335
904840166 334
998547600 333
998629220 332
917873385 331
992591216 330
914736752 329
944023300 328
934042641 327
926611524 326
920798710 325
931906580 324
928735200 323
988886054 322
995050131 321
993635660 320
921654830 319
978958064 318
981857583 317
978033744 316
996675280 315
946874865 314
949021461 313
993587975 312
987955220 311
992116484 310
953060759 309
960479360 308
928808415 307
934889942 306
997594386 305
961997760 304
990714944 303
974162500 302
920295940 301
919211214 300
956264080 299
965436432 298
946034416 297
907463578 296
971314336 295
986989865 294
980941024 293
999501294 292
943130383 291
963237009 290
922511200 289
943172325 288
925336827 287
960353350 286
996251944 285
981542500 284
912518408 283
989913430 282
943350112 281
993405222 280
945870400 279
995688960 278
920618875 277
905101681 276
958853289 275
929634411 274
991469264 273
916286800 272
977665914 271
995856940 270
980271480 269
998113550 268
997561248 267
914337370 266
907564822 265
973793750 264
934370100 263
997126128 262
911975094 261
921149236 260
924372648 259
907065800 258
942534592 257
960471006 256
961573158 255
919436031 254
959820155 253
962168584 252
953334672 251
975306074 250
919859915 249
920785854 248
961586584 247
963014035 246
954723710 245
990552688 244
916432730 243
997889920 242
966041883 241
906016080 240
926299350 239
906812158 238
947528932 237
965787086 236
950872968 235
979412081 234
942735630 233
942779685 232
934953232 231
996019104 230
999949975 229
994146840 228
976760965 227
984385500 226
997305724 225
901470470 224
935327804 223
964240090 222
910942368 221
918918178 220
942877955 219
934443532 218
958292768 217
996486100 216
983901460 215
983354033 214
902623560 213
949346435 212
900997807 211
903868744 210
987984000 209
958365340 208
977061667 207
909363085 206
988068628 205
975482920 204
938727750 203
949032192 202
924803686 201
950997604 200
945623860 199
952174420 198
987815725 197
937376192 196
939638152 195
942295288 194
950509504 193
982587300 192
982946432 191
974430910 190
994734227 189
985214228 188
903357546 187
905659604 186
972979440 185
992386445 184
986803811 183
909896126 182
911926840 181
983924170 180
965368700 179
956821128 178
937938273 177
996379633 176
918854836 175
976541112 174
939428670 173
989671080 172
912041472 171
994984100 170
928980395 169
966295840 168
999837429 167
930213727 166
959933662 165
988321264 164
950092253 163
976656206 162
998453360 161
908118605 160
900711159 159
928548297 158
975058256 157
987634986 156
910779525 155
934963590 154
966282834 153
995051888 152
930387974 151
934889427 150
933158176 149
992688579 148
967271450 147
922024432 146
972887299 145
963957950 144
968943074 143
952435535 142
957134944 141
946782143 140
967913660 139
967492472 138
988787352 137
905579618 136
960842944 135
939363942 134
998474776 133
988502055 132
977781850 131
979637300 130
901256190 129
995332000 128
904580122 127
928592090 126
962797191 125
954106924 124
986584700 123
950355186 122
901784896 121
963128752 120
918763909 119
995372839 118
959195190 117
992127344 116
917726876 115
952742097 114
911685270 113
992553016 112
963357321 111
919810845 110
997175432 109
964767833 108
949603680 107
973269410 106
947986388 105
997186342 104
977536280 103
992191192 102
918783558 101
917453104 100
946497235 99
974304280 98
934722500 97
939878020 96
961034770 95
933691328 94
966457784 93
926379280 92
902080212 91
942436097 90
936315312 89
942506125 88
974059640 87
923402144 86
995610190 85
933097524 84
948759006 83
930175882 82
998978620 81
981585998 80
932543010 79
968331603 78
934989225 77
944589429 76
935542264 75
968603396 74
962654283 73
918888928 72
900380624 71
990943751 70
911227540 69
911331617 68
988255602 67
904766187 66
938009200 65
968543391 64
979647277 63
950506340 62
944472660 61
983474216 60
929902560 59
986397918 58
964416617 57
997520404 56
903591488 55
973406636 54
941482134 53
981440992 52
978696304 51
974788184 50
997896792 49
907168810 48
902105840 47
996043296 46
911937092 45
986027944 44
954125050 43
996338755 42
969320656 41
991797330 40
979359926 39
940650082 38
927357300 37
998992240 36
946378250 35
907176660 34
955662812 33
927539564 32
935038280 31
947390960 30
910328190 29
995733292 28
934740712 27
988302631 26
945718212 25
950883360 24
945571104 23
997857060 22
980429824 21
937525540 20
979356328 19
973275286 18
989666788 17
967684800 16
947967760 15
991163081 14
932517712 13
950303408 12
981956865 11
987530015 10
928333509 9
975372128 8
919063040 7
970027837 6
916224475 5
946547068 4
963232843 3
962598048 2
971145195 1
