200
78789648 505384
12023990 1020390
86881738 1518038
17121030 2004453
48038194 2520137
40513439 3019473
43450969 3531449
11928546 4010658
30116672 4501192
87347228 5020680
53433117 5523612
33655806 6001711
88396040 6501264
6413597 7030474
73307841 7529771
19264899 8031240
4896898 8522087
74640700 9002039
73167136 9519211
9923886 10022720
18523384 10529084
41010260 11000394
84670347 11512356
37439902 12019739
43003644 12530351
48969723 13007127
79929898 13532307
48298604 14024171
11349654 14510049
17055246 15019077
99699330 15516752
64862470 16019244
9229101 16514174
96053604 17030349
60519849 17529212
13615743 18004449
28275804 18514951
68508264 19027700
83591538 19510830
14565245 20016688
52820932 20515683
37868040 21014661
64843584 21501472
80095994 22030140
61841338 22522280
6825868 23030611
24014999 23505813
69489063 24004162
97640233 24515622
16259341 25016302
43134305 25507213
37438650 26004470
41161600 26509748
34724916 27016356
67623776 27525932
882198 28011551
30152390 28502335
61570472 29013179
9869870 29503590
21200342 30029681
47586369 30500751
6119404 31013868
62590614 31500270
77505532 32012202
46475792 32528475
35318054 33012258
39079518 33527393
86205815 34019823
56579783 34500239
87556418 35021683
13272684 35502766
39418794 36029288
33531964 36526044
60330272 37029982
95118921 37502920
6346244 38005785
22225688 38516609
13079911 39006790
96364246 39521167
56481085 40016899
48220476 40502360
12323612 41011246
34230514 41529083
48012784 42018427
66666600 42505763
39109129 43005878
64170570 43508617
60674742 44007369
31047065 44527127
24494308 45014614
96671465 45531626
33679909 46008580
24589428 46532265
37846475 47001305
71197610 47521258
77224088 48000556
71878320 48510616
73923500 49008411
55431676 49525661
29935248 50000520
45785132 50524987
44088400 51030534
69633968 51515856
99279040 52021058
66878900 52526603
94175975 53031369
12450308 53505454
51024310 54020160
87563296 54511987
10977636 55004763
52391291 55528369
85982409 56015684
74369815 56500438
88881970 57029679
63888983 57518540
13114748 58027334
70617327 58515425
5874554 59023160
34367692 59512534
42187808 60017169
60708160 60507410
73555464 61025824
1928775 61530936
24250062 62016028
31658823 62532488
39746548 63003076
11218490 63526617
67713210 64017066
19044335 64501773
63614139 65029362
305220 65509449
65160814 66020388
64915280 66504033
83857188 67002469
13374212 67514669
1147536 68006581
87903000 68525000
57332674 69017344
80600310 69524458
22499664 70026535
40883862 70500309
7907244 71022154
84372532 71501460
71084481 72021500
48876623 72508536
35249415 73017129
21821017 73512728
384709 74019536
62883855 74501189
45597034 75008739
42108880 75513000
944499 76027374
49456950 76523015
31232928 77029457
17560664 77519463
39814951 78001712
66091930 78524548
63206460 79025509
72767360 79517525
15852257 80005403
80153026 80523666
21237087 81021149
64204600 81502076
54063353 82015034
70173700 82512986
63533776 83001416
10260880 83518043
19818821 84009658
56538126 84509418
65635540 85020218
11855172 85514898
16171342 86003782
86425540 86503169
19531600 87008459
8565592 87501519
41025215 88031780
61869909 88505878
22766753 89018453
80370624 89521144
9767190 90008976
52845504 90520745
20982816 91018861
38364830 91506841
61601021 92000856
72362160 92503245
57551011 93009185
38060080 93520271
50567844 94006456
72428536 94528501
2599088 95026804
12491522 95516661
36652147 96016759
20598264 96513022
14290688 97029142
51247189 97531983
9609182 98011202
13688202 98526077
99714223 99010408
66393360 99500788
26611245 100030536
400
283875391 102022383
239403200 104008857
290647020 106010310
294401248 108026638
231531286 110026286
292154950 112017851
210773316 114012278
230164161 116003448
205431233 118025122
205874685 120021580
225544948 122011792
222674777 124008418
201472829 126007103
286788672 128015492
213565552 130018066
211778801 132026828
242686242 134030109
201237561 136019348
212451500 138006245
212705850 140020427
292102982 142010903
264360506 144021809
290553520 146008605
207321487 148008756
242225960 150023846
211750976 152029277
268879155 154012273
230871508 156000267
236553828 158002174
235339379 160025463
225919520 162006520
284517619 164013869
248243738 166012266
242030020 168024965
207698930 170014757
274575790 172021948
215664935 174026724
274409664 176027327
252626980 178028293
275455108 180022731
220480096 182006264
288922474 184022111
266784464 186004663
214100232 188007498
252532036 190002650
279992250 192015272
234216836 194011435
254417805 196030515
216653725 198011332
203747912 200030773
232861325 202022942
254873549 204016117
275307096 206006933
233263482 208024963
200812501 210007892
201632150 212002336
205691609 214021287
294389332 216028095
246486709 218011928
228209751 220029521
255130544 222009072
295687295 224024532
209049877 226021105
208668983 228012896
223782305 230016092
221850976 232017071
256202237 234031269
206237472 236019912
201688906 238002024
277595448 240016341
232272630 242010995
268702299 244013398
274460725 246029314
268327570 248007464
294839056 250019211
258449260 252005653
211305476 254006176
219432832 256028148
295732310 258001361
230342838 260012153
229280400 262023070
247049712 264017216
248822640 266016723
204853604 268029129
213022250 270011869
209365925 272026450
221815052 274027527
253774565 276013521
208337894 278029208
277396750 280028803
278571080 282002504
216551578 284024008
248040168 286024329
297891337 288014149
260849300 290022546
262034734 292010111
240921185 294032444
251644010 296031601
229042199 298027005
300000000 1000000000
301275542 985520089
302528452 993615530
303767454 955949150
305028287 933328732
306253618 934745644
307514092 931073771
308759144 939329591
310032659 964370802
311258554 919967770
312507415 989929292
313765243 995114880
315025066 919340896
316281449 922423384
317520921 957572542
318750365 991946810
320027977 942215245
321280856 963194688
322519868 949170620
323773777 996896320
325000382 984296800
326275215 925855616
327519484 983155960
328777217 980738560
330000190 985560860
331271241 954513077
332523517 955064126
333757039 900670200
335029761 995289082
336260742 940740275
337516112 990939210
338774877 950549507
340014107 991491297
341272534 937851632
342505959 984658731
343768955 994304350
345017245 963460500
346253155 906950666
347507029 982557528
348767120 994552660
350032108 987381694
351254592 999931442
352520393 910218929
353775596 934495056
355006560 927703110
356276720 995530480
357532492 960323440
358780684 921975168
360030752 959979680
361275449 953122367
362528826 974176027
363760015 974385895
365004860 979334696
366274090 985417500
367505662 980132817
368780120 995943540
370023179 910659032
371269738 946568040
372511505 937798830
373782020 972181600
375007175 952376274
376265411 910739310
377504308 927892120
378754190 916268884
380020070 938216522
381250798 927564080
382514924 979951910
383763520 984819186
385024954 968122876
386265760 907503870
387509566 976287400
388757212 903634178
390027468 926672778
391271124 912827194
392507308 973786000
393753098 951205079
395020404 930945126
396255833 988051500
397509231 950444040
398774277 935870236
400015932 990053713
401272223 968758496
402500341 971138238
403752321 906550255
405008758 979458800
406271422 941708310
407506845 932874624
408770782 974461795
410024859 933293050
411282631 914970250
412511153 985490030
413759123 991769800
415000807 913151382
416251214 994146526
417502115 928231660
418762452 949367840
420008753 944788110
421275959 959376056
422528396 901057120
423766149 996312789
800000000 900000000
830186260 298006080
892822528 296002723
837794309 294024856
877082715 292025145
874827326 290001930
834191834 288015631
807205240 286004684
867145382 284000915
805338045 282017869
810718955 280007465
826376173 278003808
844657528 276007801
820212879 274032606
856765808 272011682
811265820 270022204
812888859 268020060
893651980 266029054
882386220 264008492
888359542 262004260
890775296 260018490
823529836 258017999
807500136 256026983
811246220 254001880
859115860 252030895
821524000 250031124
874324875 248026378
833300430 246009455
805469506 244020796
822441393 242016813
871164398 240010068
808735211 238002160
898463434 236020694
872546228 234014545
820944760 232023221
857531909 230004529
888983729 228005041
868583578 226017037
824385627 224028856
817359568 222032628
853595365 220030286
824468510 218027004
887277609 216001332
820119072 214031679
804518270 212006082
874967494 210012616
805359466 208002738
833851486 206012923
836486744 204018248
802381186 202006368
888921080 200024096
814069250 198020048
879582470 196010506
897528980 194018682
841303220 192012215
840039244 190030655
833256450 188007723
808003265 186010955
876329582 184027945
834445131 182012928
850915967 180015383
805133440 178025349
849580492 176006415
863015607 174013597
887592832 172024335
850376449 170027921
865477020 168015249
880235792 166005839
878160054 164009199
872975390 162021134
875784132 160022614
822222100 158028568
888525524 156021825
884522004 154015113
846915264 152005549
805384323 150018081
800459491 148006022
806150500 146020477
831641156 144000253
834585420 142027348
879437786 140024771
882763984 138012556
862939809 136007274
862729898 134004541
820632786 132001866
848347066 130029823
872464040 128008648
867939040 126022685
815351740 124029643
857564130 122028667
855615764 120009924
804692755 118000976
837381755 116017050
817608093 114017797
863777847 112003663
882570510 110006240
800097796 108024641
889568335 106028856
899504520 104029518
811274807 102011241
800000000 100000000
198018587 40060436
196020588 18744106
194019529 97710849
192011351 43307122
190003396 39586241
188003851 74538069
186016929 25979931
184022608 23737183
182001522 31759772
180010426 55445259
178021622 87647001
176030736 46759321
174017860 55715481
172013266 42784913
170006794 17354145
168015292 38801827
166011008 90406653
164028757 27054379
162023062 22049851
160027624 55330711
158007045 80767819
156030853 35394874
154014037 82445733
152030159 60352901
150002672 68558225
148014276 97253215
146031060 38612901
144000974 67321732
142013069 11637131
140017326 21079939
138030968 57335305
136024102 20140121
134013567 53725101
132029556 26712501
130030031 80981011
128004082 2985832
126032179 87460389
124020859 36146811
122027291 64232885
120003174 45052487
118011009 30750009
116017205 75170655
114011676 34663297
112020553 30958831
110021283 97682545
108000830 25572506
106023196 10859321
104015285 48372873
102024027 3695469
100018873 148633
98025536 65900337
96008204 35371682
94023264 39267141
92016108 78009519
90019085 67206693
88015933 46328870
86000392 6848293
84005146 918193
82020665 57069417
80012600 90186145
78017851 10888457
76024225 74969241
74011315 59787357
72000174 30924338
70011799 85795187
68004435 33138509
66002676 93681
64022541 87032521
62022367 63773293
60012312 82892251
58028423 44213381
56007611 76480185
54020777 73148097
52006596 64479427
50014678 25871429
48026257 66453577
46016327 34410301
44001077 95612526
42023991 24198009
40000410 23986710
38028533 60171720
36001713 30065477
34007606 61768017
32006156 20699383
30017604 58482866
28020093 37957993
26019363 2515570
24007559 35893337
22013894 98028301
20022977 94633981
18025951 566777
16003212 22297955
14015226 44063805
12021659 36642881
10004706 7390421
8011071 9055386
6023802 71370066
4029825 61685801
2020752 14675426
0 1
600
210240800 101344051
287159996 102674045
287338079 104026370
221948448 105337095
201875285 106674188
251954516 108022085
214456416 109340136
202521909 110693105
295271400 112015751
247657442 113352067
290853056 114669753
250797174 116020714
252847113 117351134
220873313 118691959
210956599 120017081
209637980 121361392
235596800 122673824
219007101 124030155
275636640 125334921
277772320 126696437
226268440 128027799
201608375 129337016
270611456 130687031
295577748 132021660
251117660 133346550
258093304 134688345
239797531 136014728
274812403 137361714
256604353 138676422
219789248 140006478
232182122 141365125
205841365 142673903
298168455 144009106
286111596 145360021
285911220 146682947
263179086 148000877
255097642 149340753
270535092 150682532
255524259 152020983
248394116 153363304
215836672 154674067
259851160 156015050
270702560 157336633
238145671 158686392
221792844 160023791
206036216 161362118
200569752 162696854
226197022 164005003
227991563 165338539
287139900 166676392
207684828 168026204
263353529 169356518
269887751 170694317
276664055 172011752
253616640 173351329
288864786 174671709
254660130 176017313
215073566 177344196
238659292 178676629
289063552 180023057
266000660 181346667
287624491 182690270
206171944 184018440
226476480 185361130
247151401 186698191
286183197 188022293
217326873 189355070
275530202 190688278
233381512 192015454
270172449 193348002
263746650 194692337
217632524 196029633
211929121 197350563
211673149 198683255
252705905 200001959
225550446 201364246
218837959 202679694
282776576 204023252
292761484 205363510
252906926 206695541
279640418 208020000
237372896 209335849
298554790 210674068
221953664 212030709
285818744 213351255
281866736 214682419
277543800 216009955
205345811 217349916
202931852 218681180
258267416 220031057
289596129 221349307
217020987 222695388
275465817 224019946
262604244 225359143
209122445 226674362
263793700 228002513
292861120 229340673
244190368 230675573
289073894 232014153
273438836 233360057
238904506 234684619
245550770 236002616
279163610 237365168
250649088 238699059
267159325 240029134
202419286 241340930
294815072 242673244
264433556 244023484
292174303 245339219
212522125 246690454
227009315 248010863
247343288 249346022
248807625 250682901
268593260 252019655
248410393 253346697
211248574 254688473
297750734 256012078
265750690 257354130
212850755 258696916
255908975 260030991
231262272 261340989
231773792 262680441
207572595 264022357
242821531 265340235
219172534 266694620
287057418 268000033
288881125 269333361
239187536 270691802
243986090 272002112
204916084 273360174
245672058 274694077
263087480 276027150
243770470 277356081
295576621 278672478
213147975 280030987
212106034 281346806
256516030 282698797
279564992 284030692
254262368 285354929
234068800 286683490
265783276 288011479
271922006 289355271
299149408 290678810
226951392 292001558
200423406 293362596
217611677 294699002
208748940 296010898
234509258 297349452
263388124 298678985
300000000 1000000000
300852126 921812868
301686752 977072415
302527583 910773128
303352331 998716690
304173497 988895982
305003107 963024571
305857009 986351296
306675214 991340968
307527092 990566345
308357083 909367875
309198895 987530970
310026831 972109520
310863519 951514110
311684068 930616225
312514420 979270640
313340682 973855850
314174807 978194711
315020428 905600928
315833532 934003964
316684893 946536529
317524673 995095925
318362114 932987964
319177348 941818748
320018708 989479533
320844357 977564584
321692550 922973976
322530273 993496430
323343033 961928384
324197518 982515609
325027212 900589614
325852639 906157670
326674651 987802040
327530111 963181600
328338738 972414220
329173788 989468761
330011038 922171172
330838136 969494062
331668708 934218170
332527012 947551314
333337987 908564400
334195145 996716136
335027788 978924520
335864590 914502310
336683128 950861160
337523830 989120000
338357631 976175295
339173079 937120713
340005410 932733100
340864301 944969060
341680485 922055680
342501117 934723007
343349609 972826682
344171396 990350114
345021801 936615626
345857759 960802700
346695493 965820496
347524727 904068070
348362850 926529655
349185107 915068175
350028999 944219282
350849312 906441332
351667392 960966891
352527113 982206976
353359978 985081650
354194360 941687102
355010041 926246016
355844639 944678560
356689563 970891104
357504206 996922516
358358838 989713464
359188484 954597280
360012165 980277500
360863429 923567352
361695033 952947128
362516625 900158238
363355169 965496472
364182931 907223099
365022609 948428064
365834596 942221100
366679165 950278757
367505591 929609714
368360705 920624840
369174656 990157960
370002252 914323818
370865531 908454624
371697453 903026945
372502818 968131208
373341870 956762648
374191467 949533142
375031174 947435260
375855845 972319136
376673857 999418324
377531668 980518374
378346359 970897210
379174681 959766919
380026471 999781750
380845825 936441447
381683151 975832654
382529631 949425740
383352025 975933995
384198386 995012350
385016689 994870915
385843336 926368204
386687084 957053630
387500383 923849597
388334394 974085422
389167279 984750885
390014498 976476614
390863660 981219164
391693107 982903978
392519572 933819698
393338227 918164500
394190253 900601800
395021559 946538596
395848251 993155042
396679132 967633520
397519580 950527120
398334822 959855888
399176389 950402390
400011177 954195859
400854488 952206847
401667466 950556988
402510222 935593624
403337727 975400652
404169633 992675023
405031625 935800459
405861511 954043488
406698028 995031612
407502866 980733280
408362060 903287996
409194709 998307748
410008625 921292779
410850078 988065376
411688878 915286797
412519081 946188047
413349008 992956320
414190158 931579176
415008488 909382286
415838049 902707046
416678738 920551576
417524346 989483712
418355579 994134071
419175903 969694496
420021340 966184143
420863431 963940212
421677792 988935155
422525225 922522600
423364339 944882310
424178144 950074035
800000000 900000000
858160746 298695901
811030004 297357649
875659884 296023093
832681735 294697855
830736051 293334831
871559888 292001215
834898544 290675433
836971626 289359518
802552848 288002788
848215655 286675261
847526922 285349286
817628490 284013194
814032820 282670180
854277231 281338094
855082781 280030184
877690560 278687377
803975526 277349420
812485780 276025986
853551616 274669923
823802140 273348453
803155432 272018528
891671490 270691955
880753029 269365674
869481234 268016629
841551662 266689937
861070420 265350781
862658892 264003872
895093568 262685835
826211112 261365451
809327240 260021342
874881893 258690847
843923577 257366054
844288660 256027874
807968356 254694607
801334264 253359463
821356515 252025881
808538100 250672381
853047744 249342658
834629457 248004808
859246485 246688228
829722752 245364322
828586873 244000476
825943585 242691858
844692685 241358674
800744640 240031620
839948876 238673717
831006650 237346365
863158504 236006611
866200774 234699338
824772318 233333582
803207878 232011988
889669161 230671898
820630362 229350304
887119928 228014162
857483361 226667431
847260076 225360122
843018709 224021059
814015638 222683537
858850740 221352112
810779584 220028541
825897805 218677448
887577464 217362745
830020856 216021828
895212380 214686278
859188636 213348078
819508468 212000086
809639907 210686334
847434585 209353768
824223472 208027173
833264976 206673163
825979220 205348584
826836493 204003334
821806020 202693982
857710383 201363986
831811288 200002668
806906384 198684653
831207580 197353492
899399880 196010609
833842715 194668921
861858181 193334383
882915002 192019610
840553916 190670461
802558304 189362808
807469873 188030785
868554388 186676646
857862490 185351956
854129782 184008817
803378195 182668312
840338900 181336862
822449064 180004886
865748210 178687480
831508856 177337279
864023927 176000545
856813324 174684964
817289080 173342045
879871910 172023164
807486538 170669144
814286888 169334428
882973340 168021012
822256350 166681253
860018589 165348991
856494011 164013268
879524961 162684770
896951000 161349757
830287180 160032302
827596949 158695317
836840073 157357641
806467220 156013652
843238870 154691308
866202616 153365466
814635433 152014005
855317080 150668766
818903600 149337717
832897933 148023753
873835131 146684902
821128975 145363922
864768234 144019530
877231131 142677233
889757876 141337632
852274260 140015302
895868420 138676345
811627847 137351365
875332138 136014737
858685569 134688329
802850890 133347758
852433344 132005209
845251910 130686594
800125960 129354818
800993775 128000634
805523532 126677083
805850667 125336769
875930501 124017287
800524700 122699234
830550140 121351763
826340480 120029261
804206465 118666945
839909768 117351211
855755550 116006942
811333995 114690371
870530972 113344638
830984690 112015587
889349506 110690472
811826244 109337352
896458650 108000663
897584140 106678067
882849800 105365225
826011135 104027831
843425420 102684868
895555504 101348707
800000000 100000000
198687226 73482003
197350050 44107691
196010949 8756792
194694129 8662501
193353909 46096254
192032522 11951016
190674916 96838897
189343792 4779128
188004062 56007621
186667641 72744501
185333595 92484986
184004160 84806369
182680289 36131352
181361464 66646161
180015540 31809040
178675143 13763717
177362085 65435765
176024232 51538847
174674331 1595268
173352199 82216164
172007658 86914951
170670740 66464019
169340375 69516531
168011334 7451431
166667998 12534900
165342649 83689228
164027016 17181627
162674298 93128191
161336320 67557889
160032659 93364475
158684834 47481831
157352248 26818497
156031545 49604721
154679145 38301651
153350569 14381947
152010206 96950098
150680631 98421633
149349019 11139317
148030894 94754781
146678271 73418171
145363981 38264962
144022058 56681079
142696841 33805137
141360398 32749185
140029960 93437749
138684296 20907835
137355096 14465007
136030542 96457219
134668755 5263713
133340321 51931881
132014903 38507143
130694648 33574447
129346510 26242359
128029480 15414397
126680640 69485041
125349550 98630873
124008618 33855973
122685222 46476417
121352646 21440371
120013856 78159645
118698313 17788849
117348545 7466497
116002508 72573500
114694652 59727087
113345748 39866259
112017737 12870997
110669259 45904461
109334042 34887108
108003100 69752829
106678151 2714793
105347749 43259671
104025319 55995689
102680885 71493451
101351241 19512748
100012259 53271027
98690834 69545081
97333328 55840591
96018473 1497575
94676022 18989121
93363317 48558091
92032729 63209081
90685341 6934767
89338157 97699969
88000581 72158359
86668241 59301914
85342787 44689896
84013618 24756677
82680445 73507357
81355884 28905281
80025709 46586937
78697674 22870123
77335175 85525173
76010478 51931309
74693099 65289878
73362189 21324009
72003372 94579621
70692290 29034373
69358872 73346106
68031842 25986319
66693053 59578421
65342939 47224350
64001319 81551821
62677119 76460661
61342338 31868733
60031823 91455520
58680238 1135331
57365408 14975960
56020066 62870077
54688049 17111699
53356914 29945231
52013831 6230197
50673108 62133651
49340846 54289041
48009845 45985593
46676659 29151151
45349125 54502725
44007274 48929449
42672445 45393975
41350499 93861355
40004938 25921116
38693148 33024840
37363046 96488626
36000717 86348857
34698183 4333668
33334120 31314045
32024938 83704496
30677019 57940693
29337952 67081700
28011772 81382401
26676143 748041
25340326 84513340
24021472 67144367
22681837 10696015
21362385 43101976
20022518 47860172
18673767 9670905
17339219 47553832
16014640 44941503
14679032 59428892
13345049 3129995
12020770 43489512
10689469 50249241
9355905 19163165
8013827 45598227
6685771 39441904
5343232 91467317
4031235 21683377
2693456 68759221
1358098 16953081
0 1
800
283063718 101022913
266751300 102016828
259037494 103015451
229886793 104014586
208573704 105011116
211883105 106005236
211853016 107007225
266564853 108015112
265262040 109004013
294432720 110016228
247077797 111004258
250566144 112009217
257109665 113001559
293664960 114022616
238771520 115014754
250944528 116024374
217909952 117025338
270069633 118014190
251167914 119012214
260131722 120005980
202347380 121010902
230956000 122008447
206342352 123010214
201068015 124014222
222442112 125001247
205708480 126024783
247207985 127009757
220005410 128027554
253855356 129017779
207384464 130017016
292616738 131022987
255614560 132011185
282459400 133017368
222112192 134004884
230224910 135000189
218842800 136007904
245218368 137032761
237120264 138006185
224280304 139027707
219613840 140024948
289065200 141020195
259819184 142010201
260794064 143001122
286532180 144031253
263465104 145003003
231230746 146020041
217036558 147026052
296710250 148002657
203729515 149002307
221267660 150011345
246844442 151030013
235995638 152001715
284197853 153015885
205217899 154031589
267792237 155001560
272550769 156000308
280184172 157027839
272303432 158025283
272530500 159028258
278064310 160021539
228683117 161015240
237086060 162002526
248321843 163009613
223626120 164014177
289513602 165032674
226203726 166005129
233799536 167018759
284789768 168003391
265987438 169013193
233055363 170029031
210658524 171009372
298225520 172029323
287436716 173021946
298486062 174012561
204985199 175005450
249892820 176024024
219319604 177011184
245121122 178016521
249008908 179027492
246087493 180023053
231792720 181009499
240579376 182017502
211200885 183007977
265686160 184010288
243159192 185023394
221899020 186030240
288415006 187031014
267659168 188021619
207674216 189026972
210577674 190013190
219539828 191002185
286346168 192002686
210308690 193005962
274882910 194010973
228119364 195000968
299156273 196013567
253810880 197005911
204159971 198020659
270025514 199028530
260202950 200013423
201120704 201019666
240150703 202002756
238235700 203010068
214959056 204014630
202356250 205024427
298709228 206015397
263785840 207009680
228878582 208003234
256391892 209003500
288249976 210007854
229667392 211009593
210054965 212022034
234206215 213000891
201832226 214005548
291718213 215030962
239037856 216009769
231046385 217011086
206550528 218026055
236807649 219013575
245196075 220022049
206000883 221014318
258803336 222032304
245413891 223002316
205864512 224001548
246332199 225025199
208220712 226016143
282281115 227024949
231088923 228018018
255164313 229006255
250334739 230026923
217497896 231012470
273958240 232014536
250966920 233005773
271883352 234008923
236939328 235031324
209189381 236013341
222077695 237011052
215062016 238015916
285298980 239031852
295647674 240014282
234762130 241007529
237629617 242011346
257373180 243004860
201290240 244014922
251880872 245029785
205943122 246019028
218309120 247012815
226751368 248007927
299381016 249006791
202695418 250029426
252894916 251004532
249224483 252024342
256129915 253006573
214958320 254000474
228942640 255026721
227499133 256012837
214580096 257027313
237495707 258013323
245913328 259020363
276352592 260016740
202849045 261005602
222928600 262004489
289134045 263011914
213578252 264012961
288611312 265008050
225820112 266019521
210291968 267018348
208915880 268005704
281734085 269031799
226674359 270016446
263438038 271017303
241121115 272001194
201376760 273002717
299046572 274000269
215143750 275022244
210783788 276030347
257092832 277019439
205716247 278008301
203219425 279024056
242060288 280009458
228275870 281022982
264915380 282006714
266899625 283002852
283828880 284031788
208867032 285021457
204637125 286004507
227156000 287000768
249976080 288028193
208339882 289016838
290185579 290019306
241096600 291000772
205890464 292012251
204790357 293009640
287787846 294004579
268590592 295028263
228308691 296011859
219010961 297014906
251902199 298028048
202494486 299023867
300000000 1000000000
300641310 925126624
301273704 927065756
301878764 942141896
302501292 921618550
303156882 992894304
303763350 950863990
304380633 997295915
305006306 979701294
305643649 922013772
306253849 915556625
306876379 934034538
307515418 967239862
308150252 970996730
308774768 960844828
309387389 962644374
310012123 985977040
310641371 926013070
311256971 986818374
311889212 927467872
312525317 906253354
313144834 987326640
313758888 900549720
314383187 998429878
315001675 954293862
315646136 967700032
316271472 937732089
316907467 924354075
317503731 930822400
318134810 969250866
318780753 981595040
319375811 991147185
320011725 988282126
320633723 936040866
321267485 980627935
321902587 910478604
322532721 940120695
323157006 987736630
323765731 931488250
324388263 997046828
325024444 942574550
325657045 936406044
326258189 933076694
326875761 953835420
327509644 903824258
328135628 978108556
328759483 951946250
329386447 954025280
330019514 953017264
330651985 922740475
331266910 957149200
331894151 970106175
332512600 968674586
333140694 995204425
333766039 997967080
334391167 987735020
335030316 968874728
335656906 906075858
336265553 918430290
336885449 952725520
337514603 989049438
338142660 952668856
338753820 962998689
339381229 997408100
340007609 998809075
340626673 985038537
341280972 914511358
341878904 935047343
342527841 936083584
343147967 994646580
343764050 928860224
344380870 998125554
345014992 964574988
345627594 934311412
346276057 992643238
346906380 976054973
347522648 959806336
348125702 933269416
348761124 985169991
349403816 964783071
350002466 956320750
350626862 944119652
351264294 965075899
351891116 921836944
352514418 907305605
353151340 992524000
353781986 979963178
354385063 933939747
355010082 944833851
355630152 918033564
356264581 985785868
356884662 962112954
357523544 935249510
358144981 977560563
358761921 938326864
359395274 934557670
360015242 943568563
360643098 945410943
361260140 954838245
361898299 954988768
362506676 985037145
363154366 928118026
363757656 946779008
364384141 956550810
365013463 910968750
365653239 906919947
366259828 922962435
366886018 959853580
367521460 900738497
368134068 958064281
368781347 975220256
369402975 940968600
370004937 958861510
370632457 937299072
371265244 982042616
371879042 981277288
372502156 971373042
373138394 920497715
373769730 932543121
374389028 931215061
375017958 916955164
375625419 997408707
376274693 963400440
376878698 967073750
377530866 948716992
378141542 995778152
378753977 939434048
379396274 971800815
380005366 972714712
380629133 935343269
381258485 991425513
381900828 993968745
382523042 984878097
383140386 902162217
383771503 926101651
384387926 963582729
385007239 920765107
385656821 979614170
386269399 947927072
386876843 981137685
387506906 928753404
388146670 980968192
388781873 990292960
389377102 981689660
390022761 930725420
390625658 987715694
391262327 947505947
391902947 916819304
392513756 919720257
393134138 938613696
393750639 906156721
394391374 997011471
395017264 931007220
395625449 989893703
396278472 965502236
396887231 926337424
397505137 999117549
398137230 902305410
398770043 948242470
399392253 936518231
400031671 997771438
400650723 972369360
401273184 920999400
401905394 970203860
402500707 961429996
403140868 999669152
403757839 906573988
404378999 980514304
405001113 991032496
405648219 917417588
406275577 905803952
406888801 913821762
407513600 940082780
408154570 906429056
408750022 982269936
409381835 995683600
410003640 988904050
410650394 904976458
411257328 927821181
411890085 948202930
412522652 916063760
413143203 966649160
413771680 963404057
414377340 991292110
415021497 958695104
415634492 975482098
416267719 901216564
416877708 954986140
417514253 993800716
418142053 983819116
418777472 915631170
419388163 937431600
420001412 998280616
420631475 964567430
421277861 952072838
421878678 989206850
422528303 949716388
423130235 932732704
423760047 967112610
424406601 932296880
800000000 900000000
807534246 299009914
822541961 298006216
859982025 297022379
893979460 296027487
852142336 295002842
823495436 294027797
821171942 293006540
886490864 292021033
803621584 291014331
835093888 290023070
863193970 289005179
898631936 288032334
822604748 287006371
850821882 286016307
878214360 285023279
811986336 284008096
839563274 283027480
819623856 282014562
843651900 281010120
833450096 280017393
828832294 279014784
829333984 278030922
832225296 277022215
811743535 276001537
826176059 275030842
821278289 274002087
800589050 273027921
858664776 272023975
807721624 271008508
802602932 270012954
837518248 269008036
836220228 268032067
821946888 267026799
846146000 266012088
800452560 265007321
810114015 264026723
849403285 263027208
825736000 262020566
820737494 261004828
855920990 260012211
850559640 259026216
890770908 258018067
829832724 257011623
824577065 256032298
870249600 255028343
835818901 254017189
829013999 253001670
870469552 252025457
883555744 251007357
890621336 250001383
850202352 249018886
812720940 248001942
886331801 247011969
883742638 246008099
810234698 245000639
856014428 244013298
863538251 243009958
806735915 242032540
862408247 241021125
892826272 240023896
819350416 239018562
843065728 238000863
867086710 237003370
869670424 236007038
870996863 235004033
802021290 234012490
828430856 233029302
824959680 232014767
864084530 231032635
852398932 230019036
805032188 229001705
815717780 228019634
843575288 227024913
814401734 226024254
835898884 225016881
860398800 224031220
884851940 223021517
863476612 222005266
893500628 221005224
843081180 220023549
830243291 219017467
871663270 218016891
882612242 217031312
819781808 216012305
815979936 215011011
826642196 214007020
877177100 213007313
863215988 212014628
878489250 211012105
844844336 210001461
810416556 209014706
813954086 208001027
826055666 207001287
852000874 206022346
860224984 205020887
876329184 204030912
813401392 203009961
884177661 202005334
872150770 201021819
849843900 200025949
878403371 199017962
844274858 198029951
850426878 197019885
842613112 196028092
867721504 195003245
808957408 194014202
877194830 193016144
823045600 192003270
888269785 191003422
817026605 190006994
897423087 189015950
850526691 188004826
861049195 187032459
867937924 186000116
897285694 185030557
874821260 184019832
811683328 183007165
848530766 182000127
849013132 181008117
803384978 180017454
816147753 179018332
858555397 178002762
869785222 177004368
847954675 176014018
815633886 175019778
825876500 174020405
830049900 173002148
895619780 172018592
806722716 171023839
896245811 170001843
896450310 169017694
867855120 168001413
869133308 167007629
809296655 166024215
838662280 165001183
869348538 164011116
845612864 163028789
857472201 162006558
839851936 161005628
822537171 160026040
899941592 159017186
822075915 158012989
851584595 157000496
888527140 156026018
837995950 155003428
810073316 154001708
861570256 153000805
825656545 152000997
883771476 151021288
860428314 150022322
845322221 149019107
884948117 148022440
813612800 147018902
831745525 146012594
887688736 145019608
847384620 144028332
817991694 143031660
820867286 142000502
898644941 141004425
827424880 140004790
842409837 139001370
895983019 138026554
854310454 137018008
839408224 136018493
834598106 135018909
887712063 134002427
838187216 133003128
897034029 132029271
873633624 131014496
802709919 130000513
827284856 129015340
862480128 128018400
816720834 127000464
834578210 126010794
827528360 125008455
899195634 124001517
810516064 123021759
849987065 122020089
869832084 121025567
898629810 120002928
809437736 119001532
837570960 118007134
860540440 117008211
835192000 116018987
878654389 115013296
811884500 114020422
864564180 113025408
823336367 112014553
823723392 111020157
859334780 110030566
827730181 109004095
806376443 108012954
879598532 107005778
824204469 106019011
838156625 105024865
827409198 104028575
885080400 103029138
864368386 102027653
808901654 101002350
800000000 100000000
199010398 17160746
198031496 52441379
197013953 89200233
196000394 94566173
195004303 44936561
194024127 40316857
193018400 84442385
192029927 38997009
191018130 8465205
190030430 74754999
189020466 18066041
188028436 88058384
187015909 69112541
186025216 34935953
185027021 84300750
184013594 25960891
183015585 82985667
182001998 92339241
181005690 93712867
180024034 83126499
179018750 77773471
178006330 241521
177020967 21566029
176020241 13647249
175020070 29898551
174016631 2981995
173031693 77080421
172015403 3372767
171001150 24843911
170015547 11936989
169016542 64819788
168000999 47058329
167026610 11841424
166021432 71284735
165029171 5950790
164001999 68554929
163019456 34304401
162029783 99595881
161030452 63159513
160023068 5229185
159021639 77482153
158027447 86340120
157016968 8182566
156024016 74617001
155025360 83215557
154029413 30752225
153031038 84291713
152013588 96073893
151017181 57778600
150006108 75390481
149014397 90178867
148006611 48494021
147008625 16012711
146011454 75503484
145008297 60750677
144031894 9533831
143007199 43177527
142019156 19671081
141006806 16364771
140001442 68522525
139029206 6811058
138006851 31083251
137031601 29561823
136021583 70979425
135009965 51802536
134024976 24051349
133029931 82694929
132006314 4910277
131007723 36406243
130003542 62190713
129000233 206061
128025422 99418585
127032601 77145016
126016710 3529265
125012586 74706762
124018303 70413655
123027915 60842381
122004702 70012241
121004216 23679699
120011144 78141761
119023340 643183
118000621 19916573
117000273 86736407
116025430 74593185
115004233 13072441
114025542 83592111
113017495 59408685
112029012 59911096
111008096 72729945
110011331 5897087
109006071 36556457
108002439 10164833
107025258 17343516
106028668 30175789
105004822 51918219
104013037 32109376
103018150 214273
102000072 59877489
101013058 9239802
100008979 80017041
99029479 74969509
98027381 70101159
97016343 21946443
96012277 41916860
95005536 59089591
94021955 26975929
93030000 23302054
92029722 12970899
91025838 24309735
90029221 66511826
89007760 51610879
88000238 59899022
87008294 64543393
86001338 92044081
85003664 22779501
84015202 98829713
83007071 14918711
82016393 35118433
81008651 2569517
80016065 23894613
79008515 74185561
78025596 65282101
77013768 15275038
76025045 66590836
75014610 93564013
74028575 57992169
73016359 17571410
72014906 40514666
71007478 72425640
70020377 39447307
69029647 20128885
68014849 2424421
67027341 37723387
66020458 95717566
65008663 23649409
64017288 73035934
63022963 49303099
62018790 82130701
61015090 22626479
60020376 50305590
59001936 58958257
58018289 18421523
57009696 22876819
56000447 36553956
55008738 82237326
54008700 35182001
53020882 12265894
52018160 39643871
51031948 98236819
50018367 48432066
49012508 9149769
48023128 22828675
47023902 62442331
46013495 95633591
45002914 93575069
44019586 68768345
43003109 83119701
42020706 26627341
41020412 1713073
40026797 2954153
39029493 77619057
38013113 85623463
37021227 28241909
36005229 80116722
35022773 24447039
34001262 82243337
33010496 96365402
32001408 52263389
31000492 37338926
30000231 12347832
29000777 22108065
28027122 83554628
27017866 46870936
26019322 38481351
25015935 8669788
24024179 68254561
23025530 13640126
22007785 33618216
21004205 96809209
20020215 27731633
19008677 13819537
18001311 31084307
17032163 60138158
16007567 24348553
15001097 93911849
14009516 33044033
13000795 65243059
12011143 89422367
11009916 21979171
10020222 45092574
9009067 23771181
8008383 618323
7001595 20388161
6021218 74708113
5016364 32391401
4003406 27226721
3017783 20820269
2022074 28234153
1027498 65366617
0 1
1000
68852708 125393
77312807 231617
49310290 330901
84658508 403420
68863540 520693
16051984 626070
70254136 704151
88286902 811502
98428806 926246
12190184 1018632
31437510 1116136
31139528 1220686
87011408 1310498
87367203 1414676
26558940 1521934
79591610 1630047
86705270 1719634
7985834 1813416
486820 1931065
91973566 2016426
9448043 2116888
9006893 2225311
31349480 2318509
96287754 2414459
342704 2503254
14097926 2628093
88445660 2718320
85094476 2817977
24469657 2913090
54128895 3024230
40971504 3101495
36097116 3204874
97186186 3320424
51935770 3418596
41580729 3508110
66108076 3610663
47961880 3704831
29962440 3813594
55071057 3904327
34028662 4028540
70197110 4116080
60553673 4204354
25594064 4332580
48699915 4421635
20277089 4527651
75298756 4605742
78696886 4727239
25966144 4821857
33460671 4908172
25509120 5028221
84055996 5127897
10730096 5211201
3506580 5300854
37594046 5401564
92330138 5531512
67361205 5618672
49303760 5717390
70378575 5822207
76996645 5918950
55374877 6030394
49104768 6127922
77655248 6205728
54907618 6319727
21493054 6414979
6112811 6517370
59997246 6604984
7518596 6729627
30346597 6822184
26402695 6929287
63742040 7013245
14694125 7105429
20614038 7201559
95405472 7303691
73951215 7421339
3584250 7513561
3164810 7620013
81767186 7718169
24713578 7800118
25597160 7903268
80534534 8000719
86919600 8117806
3698198 8220190
64435920 8301976
46225601 8422731
49117958 8503678
145816 8616404
10492164 8706862
57562484 8808816
23801155 8927619
1679012 9031613
66033443 9109857
57379725 9204715
67824459 9312707
88633582 9421221
89856830 9519896
3901120 9608419
85338551 9725153
26907422 9820278
17249440 9928147
86429372 10028376
40459866 10101222
43705494 10216760
24465184 10309401
84707384 10417336
22733466 10513616
58636116 10605132
35723853 10703648
6016170 10800323
78968260 10915420
98858991 11022564
3198120 11110589
30504016 11210656
24086554 11314959
91956835 11419333
12482918 11503247
18203010 11621439
6538220 11712906
60466691 11821120
40202660 11922791
96522491 12010736
55154050 12132366
39149402 12208750
10477832 12305401
83552950 12420164
23254334 12532045
37811540 12605867
46374206 12724168
52788352 12817443
19606866 12900467
29019732 13029460
61268696 13107022
16274868 13212462
90064520 13321332
65201325 13400516
50183280 13506923
60295531 13608023
58741872 13718167
14410962 13823371
49270153 13919760
14150836 14005438
51741080 14116931
41354460 14216944
32504830 14300203
72263208 14406605
58578564 14512136
12591129 14623913
35478694 14721237
45114116 14803350
42354157 14913008
84627220 15017177
90611320 15115193
61577510 15226731
52647244 15310599
53925486 15405386
72251455 15525063
57272508 15617726
71733437 15716392
34372219 15810539
43467112 15910681
61769616 16017979
57712200 16111625
47582865 16231307
67922791 16307493
51362752 16416035
19931351 16523401
65727800 16623831
36125950 16710180
9809148 16813291
21325965 16902968
21462454 17013649
46951509 17118401
60765005 17205525
36500660 17317159
32290275 17410066
67795989 17510149
86803730 17618253
59499132 17702385
67976540 17800450
1962579 17917826
22832590 18022855
27098045 18118154
78390512 18223445
64535691 18307006
72323783 18402775
56640276 18520134
28076710 18608777
68368312 18727906
21717780 18829521
3818478 18924204
62017056 19005213
58478710 19111842
27030233 19227938
77918766 19309179
26094172 19425620
13997100 19510383
48481419 19607983
76575824 19703677
23291580 19832363
18669752 19920091
42652548 20016493
1633805 20132491
17516292 20212887
73837089 20326732
49166299 20429121
20461540 20507488
23369570 20613379
92194875 20701668
73527154 20818969
26183680 20924834
5890247 21014792
51056130 21125551
37055564 21228875
75567456 21306670
79361600 21410670
23269463 21509901
47058500 21625132
23281668 21701026
3588006 21807203
93172387 21910882
79431427 22014964
39764340 22112560
67841245 22210041
47285808 22316028
58320274 22408913
222270 22522529
81141903 22613221
67064865 22701636
4410192 22815561
42557536 22920871
17974768 23021942
28454156 23126312
49644452 23210196
26589400 23320679
26567718 23426259
31726909 23511496
49506420 23632057
61083088 23708998
45523410 23822969
95202573 23923038
10453975 24024105
48608772 24100851
46219740 24202739
37194944 24316531
35053644 24428697
57101668 24519348
9778456 24632538
25634384 24724287
7118592 24825444
67500856 24904949
33395032 25022736
29363440 25108831
49371056 25224608
91467264 25301005
73348001 25429816
96886181 25500350
94333482 25630015
8176500 25728851
88579896 25828728
72085598 25905085
33616032 26026090
88063430 26132320
16463288 26205810
37175684 26307236
43631395 26428953
99892880 26525862
43734132 26627199
73317824 26710093
1271430 26828534
25148560 26906929
95056632 27019565
10971511 27112973
6454280 27225460
94635296 27328955
67829760 27432187
83494496 27500774
8426591 27622442
48492940 27728374
22680240 27829075
77680088 27906539
46415850 28010100
19465944 28131349
2861816 28212936
32823038 28328946
51356768 28403532
28740346 28506011
1131070 28621200
38534892 28728960
69937549 28805733
33354796 28918632
91754665 29009476
21199560 29116913
65502690 29219721
5145728 29325056
67868800 29414614
99511965 29528294
14457106 29618228
3911675 29721374
12790078 29822930
3238974 29932275
8644400 30025584
55843471 30116216
99649632 30201304
60088292 30329993
43044718 30424050
80864684 30524372
14444220 30608216
17088260 30726176
93665664 30803061
79076800 30902858
59728999 31023248
71342018 31100073
68664374 31227478
32812088 31327451
92516328 31401923
20527500 31518002
6899393 31620721
49801620 31708210
53005160 31823803
19049200 31923675
23353976 32023610
73177567 32128441
48022906 32224896
41060900 32305656
6874432 32402207
57394851 32515807
27816646 32630873
58214319 32712582
44996198 32831004
632099 32926632
74807040 33021699
37187487 33127379
60117064 33223070
18103632 33315957
16971918 33416496
38105925 33523048
75243480 33630108
48887542 33713940
66815000 33800771
65779564 33914682
20982357 34021875
192700 34107146
87240292 34222665
22469513 34304273
25946700 34404098
2096874 34519327
32278276 34614841
10003962 34726200
15290480 34806918
10373702 34917930
22234196 35029103
39679815 35126117
3546240 35216567
74757745 35309854
74053040 35414374
38488850 35510506
6884970 35604899
51513625 35718229
55654546 35821749
17358871 35903005
30566747 36031177
69918705 36108827
16211410 36200012
15649000 36315396
17101788 36413689
31177920 36514942
15854380 36632559
74394234 36728132
81920624 36830314
9474352 36905044
13577963 37015282
18843668 37124427
19718142 37224732
81516350 37304204
56057399 37419574
79745070 37507260
25551970 37606768
21531100 37713592
1077640 37812323
31569544 37910555
26193252 38016772
93267114 38109659
61191070 38213222
22879522 38301112
76055532 38425044
87520900 38526063
48316954 38616621
19537596 38710240
33089283 38819214
84251636 38910137
94569262 39004577
69333506 39131202
51888330 39224628
3231200 39314001
61284675 39400932
96724956 39521439
18417104 39615736
14485736 39718892
48740853 39801548
66752614 39904437
697320 40020563
1407444 40118379
12885768 40225438
2585172 40320364
20297313 40415847
63378050 40519465
92713904 40623631
20096064 40718657
63636380 40813207
47381684 40930176
61665938 41021559
15757396 41131507
24575400 41232227
47171680 41320348
91732560 41402455
65155624 41500524
35798490 41600392
9200640 41722500
29406656 41805837
86172580 41921521
51549935 42029399
48632040 42131813
77221040 42214101
18872009 42319245
45680072 42426453
24823284 42503200
88255296 42603011
73738264 42710202
13934108 42807572
29042009 42930454
41096957 43023998
6441308 43130961
42853080 43205968
24453840 43322419
90798636 43405952
48362872 43505332
72274600 43625037
62146361 43709752
45575424 43829132
13003152 43904057
16623956 44010351
2326896 44104013
73840797 44205230
1610883 44323544
90617444 44428058
62913176 44518342
25249112 44607738
10363015 44732184
97213949 44801484
35449784 44923444
842224 45022782
46704624 45100598
63983992 45212535
43967936 45322159
3869979 45404169
89578420 45509015
46801055 45628195
65941900 45716321
70975196 45818593
93717434 45917039
18963757 46025924
27875692 46116438
71732420 46221247
64077268 46311602
73074069 46400857
15650348 46531714
61383180 46630862
20817110 46720059
27109438 46809413
25327153 46927123
43748768 47015013
56448400 47116090
31033248 47227121
24190016 47314424
83844980 47425345
33368872 47524579
3121092 47604642
1598268 47701681
9927220 47824646
83335088 47927124
16630119 48030871
92619416 48100952
15444249 48210936
85277520 48307142
48330240 48404070
31002955 48515312
38218860 48611573
42046880 48731127
66646272 48830615
66233614 48908268
31834980 49028278
18113744 49116886
61408676 49202049
69656328 49306114
58264539 49430342
3345662 49502831
20779594 49628773
88483373 49708593
47001192 49811394
5023968 49912089
67199130 50017224
49181444 50122256
15757976 50210386
99077550 50330590
14391160 50403349
92748903 50522969
43138822 50613863
51393272 50712107
33548780 50820722
4286428 50930869
51183400 51000629
26043067 51103416
68613568 51202017
39726090 51305928
8297000 51413107
9109412 51507641
15932208 51632283
1560230 51709567
98146760 51824977
55841125 51906629
17738752 52010921
19677690 52112793
22482406 52213690
30451250 52322565
77494628 52423875
6356696 52525683
76274735 52607435
26651495 52717089
26005480 52824172
62361894 52927000
43766639 53023634
10129344 53132391
16153960 53224013
1153525 53308296
21129420 53429003
75263128 53512125
48383232 53619154
13695736 53704519
33315382 53802071
72569726 53901512
25713520 54029571
65971770 54132265
3205713 54231614
76592976 54300637
50296240 54401444
7211960 54504284
18998896 54607591
16913683 54706471
80507912 54819983
2245504 54900150
62937114 55017686
64990070 55109145
23574990 55221072
55495213 55311424
60165035 55423013
8411794 55519254
12916791 55608321
65257136 55732737
25382014 55824390
94523667 55922783
87118370 56029031
42424716 56110351
99427151 56213624
83185313 56305980
32320836 56430925
9476762 56528083
43327600 56603720
1700137 56712301
55045207 56800033
67432659 56912796
19151200 57022283
70755693 57113299
94516642 57210060
56817710 57327463
52016140 57401561
24134841 57514330
89049356 57626582
15986179 57708012
55839452 57806476
95648069 57913129
19255397 58013881
89735007 58111979
31444202 58213178
80017864 58302732
58671861 58423940
89029312 58531768
12950704 58607151
51109708 58730017
27773794 58828980
87281079 58914564
58010950 59006639
77161330 59109825
77467762 59229006
47746880 59326446
23733704 59426731
70559807 59526832
88572025 59631936
36992260 59723081
40486939 59815874
13862160 59905928
50167940 60011769
94300310 60116526
56555850 60209530
13742792 60307555
49261450 60432198
41377798 60502213
56104660 60608446
65154304 60728775
12910182 60818543
10406760 60909647
89948594 61022875
5569200 61109462
81170456 61220754
66679014 61301367
29009868 61419574
17228472 61505717
58784222 61624382
24737900 61716442
21710308 61816337
18364120 61917500
3325530 62021203
98696760 62120916
18070848 62228094
84315344 62322399
77860066 62418968
44970826 62525324
63184668 62611043
50406150 62730204
47372656 62813853
35293796 62929985
32669584 63000367
88798162 63122086
66022024 63231059
37885370 63330518
29141322 63430939
21032496 63515024
20776236 63627753
3387066 63704732
61594992 63803813
51813488 63916989
76642036 64025960
23182044 64115039
6199524 64205386
3617024 64315206
14234075 64407441
56128254 64519858
33551403 64629635
15614574 64725165
27516457 64803702
606840 64919678
90638382 65003521
77610856 65115009
5687941 65211479
55145308 65300168
77358560 65416235
74902424 65527890
8460048 65603006
80356820 65703106
63748415 65813976
1092962 65922007
83488784 66021853
48987955 66116885
4251744 66207816
64810832 66313053
24949848 66411046
55109388 66517356
56792162 66623592
83157992 66706035
8176206 66819628
90942640 66914628
2914256 67022151
91377020 67106259
14092040 67208377
76057227 67310578
71974278 67401938
88642784 67522450
58737546 67631919
43756680 67717620
76596840 67820759
94113008 67924106
35018594 68017955
36187300 68110716
41254381 68220984
55908980 68328199
45535845 68419127
28045090 68528697
67961056 68614255
49223366 68715185
68320192 68827191
73877729 68901992
11789485 69018433
45546463 69113273
92501271 69228407
62094280 69314331
32396900 69407942
17370584 69518151
93549264 69612395
90758105 69718472
1357938 69823896
96277256 69921570
82840480 70023559
5367960 70108436
3519176 70217050
48623376 70312609
24573721 70400089
1281206 70528737
11968684 70628716
4528687 70728401
16946551 70813924
50582560 70907285
79602502 71020524
99228804 71119846
4712330 71201342
23360778 71304876
21047044 71423727
61959570 71502311
13383600 71623532
86871253 71715967
98059378 71817216
69428424 71927444
26947308 72015740
44305633 72111958
38240506 72208344
93775265 72320155
25543974 72431588
41611678 72517036
68958600 72620639
46426715 72732667
8714214 72806682
6719808 72923074
83734392 73003747
47912032 73109432
84154629 73215347
73247205 73325158
9257043 73425047
61378409 73508031
65817225 73611841
93173052 73716995
23041150 73804622
36148670 73902619
8449828 74029863
86143410 74131180
49028190 74208376
57290776 74318425
30173544 74428350
13284568 74530789
45775222 74600540
26256200 74718776
77603272 74829677
22632838 74932210
19594140 75004823
23921135 75131028
5552620 75200389
26721407 75303524
55131272 75401429
59971760 75531156
1471450 75622299
46167699 75716640
55296266 75817677
35568939 75907858
47950506 76007466
91715275 76100913
40697027 76201601
24061760 76320842
70119280 76429160
61743728 76502416
18477880 76601783
6508132 76718790
813779 76830824
1594910 76901682
58067438 77013426
97306110 77118089
32500664 77217904
40475564 77330258
66377667 77413941
81877577 77514617
49330754 77618844
73137288 77732096
79815800 77806777
93965375 77900306
3314894 78002611
63969245 78113514
44969760 78206957
65215720 78313800
25099380 78422089
31021602 78526057
23581845 78616430
30357465 78707132
63325490 78817045
56177250 78901710
94155561 79020999
10034760 79114787
90772068 79204756
95423607 79300590
99173472 79424171
47117838 79513842
30714156 79626462
152460 79705835
11568218 79818608
84803222 79927117
37679344 80020679
82486820 80122436
533760 80208847
15039445 80321842
22569553 80407353
47570399 80507935
42450050 80618714
86244339 80724704
25020747 80800208
88309410 80931285
94997848 81000509
71974608 81105805
47506248 81231286
71167933 81323966
57098142 81405368
27416882 81517897
88309019 81632704
30748540 81711166
18786624 81807580
81843968 81912364
53483850 82025162
2422380 82123280
70313452 82204420
67729058 82314950
43168004 82430543
55934920 82518481
7039496 82613655
89154560 82717127
40971150 82827083
52944422 82932431
43337941 83000444
63517068 83103981
5811712 83219797
13522759 83301138
18077700 83411164
50661164 83531566
89607386 83620343
84816734 83730091
49770397 83821598
88878886 83920934
24261040 84009041
67080880 84131388
83544824 84206368
71535725 84300994
23538688 84400877
23575578 84526280
85903714 84631986
56247994 84708653
843740 84826083
73358340 84902075
4426752 85028439
66144580 85117947
88929888 85216049
25743427 85331004
77307736 85424702
10264177 85524115
39317890 85627732
26027378 85731506
13046670 85811582
98075798 85931746
95065576 86010922
50860323 86110612
34702252 86220689
7669323 86307389
62685022 86410251
10191900 86504052
50608340 86608915
70335037 86704533
50563270 86806309
6085842 86928462
69835308 87006139
64181554 87129825
30550156 87225623
81215260 87315981
72910400 87417241
37070055 87522248
35852100 87618769
6576993 87712862
87536193 87805073
280840 87905678
48366944 88005290
18246669 88122552
70831780 88202519
45323364 88300097
16991904 88417474
77184921 88504235
12182945 88624940
13307533 88714019
55514030 88813978
23639750 88929896
76280994 89027736
42809328 89131097
31919104 89216241
17701502 89329553
80479928 89406313
50996557 89518549
36836881 89616096
56883010 89712450
66932536 89824427
91043430 89901440
22088548 90005817
46793198 90130015
62244329 90206056
78453546 90301099
81767400 90406683
11388400 90514719
34180845 90627042
31998186 90712760
20141787 90821337
28580210 90905817
33755365 91024143
54064888 91117315
51793412 91215373
65486510 91311373
87376378 91418197
98712336 91505686
80124910 91617270
20638601 91717557
99643940 91831174
8256568 91910669
19108450 92016154
44163973 92117197
65382510 92207390
45048365 92326470
3642165 92408600
54273475 92511520
8365584 92632763
94420468 92707405
13170390 92805069
38223193 92920916
56701930 93015516
41525680 93122566
27912021 93219499
68873944 93325880
36819488 93406941
37868488 93504284
63914550 93616469
4217681 93705036
46062023 93830706
68067948 93919144
84586816 94003326
10003315 94124177
48606414 94209507
38643260 94307877
94315370 94412290
19030640 94518930
50603724 94601031
236096 94721171
98444334 94828869
31725512 94911410
76854502 95021316
9482805 95128810
20619034 95204811
85836212 95310263
10899840 95427910
788463 95501505
54612280 95611929
91612470 95706775
74712640 95829054
69859876 95930942
264413 96019658
89202504 96104577
49308668 96206558
90079608 96307776
54130086 96408052
45117168 96504111
41952618 96611794
80580392 96732106
73264302 96830140
89677364 96910442
21833607 97024193
19579902 97127602
48378880 97217847
58026812 97318365
60735200 97429956
31879460 97528715
853022 97626756
11971508 97710622
17789203 97808679
9695114 97905359
45323392 98025766
91329467 98121465
14725121 98223454
87900798 98306384
53250152 98425254
90455322 98506495
8755898 98603850
6070433 98710496
15833500 98810217
63142338 98929743
19404870 99007148
11408390 99103807
54664070 99213262
71665962 99317411
82824780 99422953
64315766 99500357
91197144 99623308
41523768 99715229
5172940 99808255
40270191 99900495
4885763 100032073
