5
8
1 7 9 2 10 9 10 8
8
7 3 7 6 4 10 3 5
60
11 53 68 47 44 62 57 37 59 23 41 29 78 16 35 90 42 88 6 40 42 64 48 46 5 90 29 70 50 6 1 93 48 29 23 84 54 56 40 66 76 31 8 44 39 26 23 37 38 18 82 29 41 33 15 39 58 4 30 77
100
309 116 435 451 100 249 19 56 298 303 224 8 344 109 489 202 195 485 93 343 23 87 314 3 448 200 458 118 80 296 298 281 89 298 9 157 472 122 38 292 38 179 190 157 458 191 315 388 156 11 202 134 272 55 328 146 362 386 375 433 369 142 344 416 381 498 322 151 21 199 57 476 392 389 75 212 100 10 3 369 361 188 401 289 255 423 2 85 182 285 88 426 117 257 332 432 169 154 221 189
158
9 3 4 7 4 1 4 6 3 9 1 8 3 3 6 10 2 1 9 6 1 8 10 1 6 4 5 2 1 5 9 6 10 3 6 5 2 4 10 6 9 3 8 10 7 2 8 8 2 10 1 4 5 2 8 6 4 4 3 5 2 3 10 1 9 8 5 6 7 9 1 8 8 5 4 2 4 7 4 1 2 10 1 5 3 10 4 2 5 9 3 1 6 6 10 4 3 9 8 5 9 2 5 4 6 6 3 7 9 10 3 10 6 10 5 6 1 6 9 9 1 2 4 3 3 3 8 1 4 2 4 4 8 1 10 6 6 9 4 8 9 4 8 10 4 10 2 9 3 9 1 2 9 5 9 7 1 10
