5
10
2 7 5 1 7 2 9 10 9 5
6
5 4 10 9 9 1
8
4 4 8 5 4 9 1 9
200
476 329 368 192 425 55 434 49 441 12 145 60 218 253 139 423 279 496 187 29 49 437 366 449 193 195 297 416 286 105 488 282 455 234 114 201 316 171 286 263 313 355 185 53 412 308 332 445 313 256 321 58 146 482 481 144 196 222 129 161 35 450 173 466 44 159 292 439 253 24 154 10 245 149 186 313 474 22 168 18 287 405 458 391 202 125 477 414 314 324 334 374 372 159 333 70 487 297 18 177 273 270 263 168 192 485 102 480 213 127 302 99 27 125 43 424 23 472 61 181 3 432 5 93 225 31 492 142 222 286 64 400 187 360 413 474 270 170 235 333 211 260 396 167 285 50 140 194 195 124 19 125 76 194 158 302 371 466 178 93 351 484 18 464 119 152 300 87 60 426 10 257 170 315 76 227 43 258 164 109 382 86 65 487 77 474 125 127 129 428 423 20 402 462 123 96 237 261 195 25
199
264 260 202 116 30 326 11 271 411 47 153 20 290 424 188 263 440 351 162 329 400 213 458 78 365 7 477 200 58 439 303 260 357 324 477 108 113 387 301 350 460 428 493 384 405 40 111 204 335 356 72 350 323 485 56 216 126 357 26 357 337 271 369 361 396 22 117 112 217 196 85 41 423 129 229 65 59 432 296 355 53 462 84 234 154 472 457 369 32 463 107 483 411 135 67 348 175 438 223 142 254 11 241 175 459 325 221 370 126 434 205 283 350 398 279 201 193 234 137 34 56 493 176 205 462 48 381 300 413 141 355 355 142 462 111 377 424 178 252 443 296 173 40 313 375 72 318 110 17 432 112 195 169 331 40 488 185 90 497 89 490 145 353 314 151 240 44 258 335 259 192 105 264 181 3 329 275 108 292 497 49 56 61 127 467 41 129 240 313 174 101 77 215 183 213 492 324 101 392
