5
15
5 5 5 5 5 5 5 7 7 7 7 7 500 -500 -1 
1
-500
2
-500 500
200
441 467 434 400 469 424 478 458 462 464 405 445 481 427 461 491 495 442 427 436 491 404 402 453 492 482 421 416 418 495 447 426 471 438 469 412 467 499 435 494 403 411 422 433 473 464 441 411 453 468 447 444 462 457 437 459 423 441 429 478 416 435 490 442 488 406 440 442 464 448 446 405 490 429 470 450 406 401 493 448 429 423 484 454 456 440 466 476 431 408 444 439 426 423 437 438 418 482 429 441 433 415 439 458 404 430 477 406 473 486 421 445 424 472 470 429 477 473 497 412 486 490 461 436 455 467 455 474 431 452 450 450 441 424 466 430 407 491 407 437 457 487 453 483 445 409 409 458 421 488 422 446 406 430 413 468 400 491 462 455 410 459 424 437 448 483 495 441 402 450 491 436 474 420 496 421 448 499 468 484 481 434 453 499 418 438 400 488 427 467 428 493 448 483 407 421 410 417 413 414
200
409 416 435 451 400 449 419 456 498 403 424 408 444 409 489 402 495 485 493 443 423 487 414 403 448 400 458 418 480 496 498 481 489 498 409 457 472 422 438 492 438 479 490 457 458 491 415 488 456 411 402 434 472 455 428 446 462 486 475 433 469 442 444 416 481 498 422 451 421 499 457 476 492 489 475 412 400 410 403 469 461 488 401 489 455 423 402 485 482 485 488 426 417 457 432 432 469 454 421 489 476 429 468 492 425 455 434 449 441 412 445 460 418 453 439 423 479 496 487 429 449 437 466 449 493 495 497 416 486 405 488 482 455 434 414 401 416 471 486 463 413 455 485 453 412 408 432 445 413 456 421 458 446 482 481 444 496 422 429 461 435 450 473 466 444 459 492 439 453 424 454 410 445 449 486 413 474 422 468 418 487 405 458 491 402 425 477 414 414 424 434 474 472 459 433 470 487 497 418 477
